File: grafo1972.10.gml with 10 Nodes and 15.0 Edges
------------
1500 Clauses were created in 0.004136800765991211 seconds.
No Solution found for 1 Tracks in 5.602836608886719e-05 seconds.


1705 Clauses were created in 0.003730297088623047 seconds.
No Solution found for 2 Tracks in 0.0001804828643798828 seconds.


1920 Clauses were created in 0.0041124820709228516 seconds.
The Sat-Formula [1, -2, -3, -4, 5, -6, 7, -8, -9, -10, -11, 12, 13, -14, -15, -16, -17, 18, 19, -20, -21, -22, -23, 24, 25, -26, -27, -28, -29, 30, -130, -141, -152, -163, -174, -185, -196, -207, -218, -229, -131, -140, -132, 150, -133, -160, 134, -170, -135, -180, 136, -190, -137, -200, -138, 210, -139, -220, -142, -151, -143, -161, -144, -171, -145, -181, -146, -191, -147, -201, -148, -211, -149, -221, -153, -162, 154, -172, -155, -182, 156, -192, -157, -202, -158, 212, -159, -222, -164, -173, 165, -183, -166, -193, 167, -203, -168, -213, -169, 223, -175, -184, 176, -194, -177, -204, -178, 214, -179, -224, -186, -195, 187, -205, -188, -215, -189, 225, -197, -206, -198, 216, -199, -226, -208, -217, -209, 227, -219, -228, -231, 232, -233, 234, 235, 236, 237, 238, 239, -242, -243, -244, 245, -246, -247, -248, -249, -253, 254, -255, 256, 257, 258, -259, -264, 265, 266, 267, -268, 269, -275, 276, 277, 278, 279, -286, 287, -288, 289, 297, 298, 299, 308, 309, 319]
calculated to True in 0.0012731552124023438 seconds.

The TLP has the following configuration: 

  ----  9  ----  3  ----  1  ----  5  ----  7  ---- 
  ----  2  ---- 
  ----  10  ----  4  ----  6  ----  8  ---- 

------------------------
File: grafo1098.10.gml with 10 Nodes and 9.0 Edges
------------
1182 Clauses were created in 0.0025124549865722656 seconds.
No Solution found for 1 Tracks in 3.4809112548828125e-05 seconds.


1381 Clauses were created in 0.002847909927368164 seconds.
No Solution found for 2 Tracks in 0.0003304481506347656 seconds.


1590 Clauses were created in 0.0035092830657958984 seconds.
The Sat-Formula [1, -2, -3, -4, 5, -6, -7, 8, -9, -10, -11, 12, -13, 14, -15, 16, -17, -18, -19, -20, 21, 22, -23, -24, 25, -26, -27, -28, 29, -30, -130, -141, -152, -163, -174, -185, -196, -207, -218, -229, -131, -140, -132, -150, -133, -160, -134, -170, -135, 180, -136, -190, -137, 200, -138, 210, -139, -220, 142, -151, -143, -161, -144, 171, -145, -181, -146, -191, -147, -201, -148, -211, -149, 221, -153, -162, -154, 172, -155, -182, -156, -192, -157, -202, -158, -212, -159, 222, -164, -173, -165, -183, 166, -193, -167, -203, -168, -213, -169, -223, -175, -184, -176, -194, -177, -204, -178, -214, -179, 224, -186, -195, 187, -205, 188, -215, -189, -225, -197, -206, -198, -216, -199, -226, -208, 217, -209, -227, -219, -228, 231, 232, -233, 234, 235, 236, 237, 238, -239, 242, -243, 244, -245, 246, -247, -248, 249, -253, 254, 255, -256, 257, -258, 259, -264, -265, 266, -267, -268, -269, 275, -276, -277, 278, 279, -286, 287, 288, 289, -297, -298, -299, 308, -309, -319]
calculated to True in 0.00060272216796875 seconds.

The TLP has the following configuration: 

  ----  6  ----  9  ----  8  ----  1  ---- 
  ----  10  ----  5  ----  2  ----  3  ---- 
  ----  4  ----  7  ---- 

------------------------
File: grafo327.10.gml with 10 Nodes and 10.0 Edges
------------
1231 Clauses were created in 0.0026044845581054688 seconds.
No Solution found for 1 Tracks in 2.47955322265625e-05 seconds.


1431 Clauses were created in 0.0029697418212890625 seconds.
No Solution found for 2 Tracks in 0.00028204917907714844 seconds.


1641 Clauses were created in 0.0032787322998046875 seconds.
The Sat-Formula [-1, 2, -3, -4, 5, -6, -7, 8, -9, 10, -11, -12, -13, 14, -15, -16, -17, 18, -19, -20, 21, -22, -23, 24, 25, -26, -27, 28, -29, -30, -130, -141, -152, -163, -174, -185, -196, -207, -218, -229, -131, 140, 132, -150, -133, -160, -134, 170, -135, -180, -136, -190, -137, -200, -138, -210, -139, -220, 142, -151, -143, -161, -144, 171, -145, -181, -146, -191, -147, -201, -148, -211, -149, -221, -153, -162, -154, 172, -155, -182, -156, -192, -157, -202, -158, -212, -159, -222, -164, -173, -165, -183, -166, -193, -167, -203, 168, -213, -169, 223, -175, -184, -176, -194, -177, -204, -178, -214, -179, -224, 186, -195, 187, -205, -188, -215, -189, -225, 197, -206, -198, -216, -199, -226, -208, -217, -209, -227, -219, 228, 231, 232, -233, 234, 235, -236, -237, 238, -239, 242, -243, 244, 245, -246, -247, 248, -249, -253, 254, -255, -256, -257, -258, -259, -264, -265, -266, 267, 268, 269, 275, -276, -277, -278, 279, 286, 287, -288, 289, 297, -298, -299, -308, -309, 319]
calculated to True in 0.0005266666412353516 seconds.

The TLP has the following configuration: 

  ----  10  ----  4  ----  9  ---- 
  ----  5  ----  2  ----  1  ----  3  ---- 
  ----  6  ----  7  ----  8  ---- 

------------------------
File: grafo898.10.gml with 10 Nodes and 9.0 Edges
------------
1182 Clauses were created in 0.0025038719177246094 seconds.
No Solution found for 1 Tracks in 2.5033950805664062e-05 seconds.


1381 Clauses were created in 0.002821207046508789 seconds.
No Solution found for 2 Tracks in 0.0003247261047363281 seconds.


1590 Clauses were created in 0.0030858516693115234 seconds.
The Sat-Formula [1, -2, -3, -4, 5, -6, -7, 8, -9, -10, -11, 12, -13, 14, -15, 16, -17, -18, -19, -20, 21, 22, -23, -24, 25, -26, -27, -28, 29, -30, -130, -141, -152, -163, -174, -185, -196, -207, -218, -229, -131, -140, -132, -150, -133, -160, -134, -170, -135, 180, -136, -190, -137, 200, -138, 210, -139, -220, 142, -151, -143, -161, -144, 171, -145, -181, -146, -191, -147, -201, -148, -211, -149, 221, -153, -162, -154, 172, -155, -182, -156, -192, -157, -202, -158, -212, -159, 222, -164, -173, -165, -183, 166, -193, -167, -203, -168, -213, -169, -223, -175, -184, -176, -194, -177, -204, -178, -214, -179, 224, -186, -195, 187, -205, 188, -215, -189, -225, -197, -206, -198, -216, -199, -226, -208, 217, -209, -227, -219, -228, 231, 232, -233, 234, 235, 236, 237, 238, -239, 242, -243, 244, -245, 246, -247, -248, 249, -253, 254, 255, -256, 257, -258, 259, -264, -265, 266, -267, -268, -269, 275, -276, -277, 278, 279, -286, 287, 288, 289, -297, -298, -299, 308, -309, -319]
calculated to True in 0.0005745887756347656 seconds.

The TLP has the following configuration: 

  ----  6  ----  9  ----  8  ----  1  ---- 
  ----  10  ----  5  ----  2  ----  3  ---- 
  ----  4  ----  7  ---- 

------------------------
File: grafo210.10.gml with 10 Nodes and 10.0 Edges
------------
1231 Clauses were created in 0.002679586410522461 seconds.
No Solution found for 1 Tracks in 2.6226043701171875e-05 seconds.


1431 Clauses were created in 0.0029654502868652344 seconds.
No Solution found for 2 Tracks in 0.0003018379211425781 seconds.


1641 Clauses were created in 0.0032358169555664062 seconds.
The Sat-Formula [-1, 2, -3, 4, -5, -6, 7, -8, -9, 10, -11, -12, 13, -14, -15, -16, 17, -18, -19, -20, 21, -22, -23, 24, 25, -26, -27, -28, 29, -30, -130, -141, -152, -163, -174, -185, -196, -207, -218, -229, -131, -140, -132, -150, -133, -160, -134, -170, 135, -180, -136, -190, -137, -200, -138, -210, -139, 220, -142, 151, 143, -161, 144, -171, -145, -181, -146, -191, -147, -201, 148, -211, -149, -221, 153, -162, 154, -172, -155, -182, -156, -192, -157, -202, 158, -212, -159, -222, 164, -173, -165, -183, -166, -193, -167, -203, 168, -213, -169, -223, -175, -184, -176, -194, -177, -204, 178, -214, -179, -224, -186, -195, -187, -205, -188, -215, -189, 225, 197, -206, -198, -216, -199, -226, -208, -217, -209, -227, -219, -228, -231, -232, 233, -234, 235, -236, -237, -238, 239, 242, 243, 244, -245, 246, -247, 248, -249, 253, 254, -255, 256, -257, 258, -259, 264, -265, 266, -267, 268, 269, -275, -276, -277, 278, 279, -286, -287, 288, 289, 297, -298, -299, -308, -309, -319]
calculated to True in 0.0006322860717773438 seconds.

The TLP has the following configuration: 

  ----  3  ----  2  ----  4  ----  5  ----  9  ---- 
  ----  10  ----  1  ----  6  ---- 
  ----  7  ----  8  ---- 

------------------------
File: grafo460.10.gml with 10 Nodes and 9.0 Edges
------------
1182 Clauses were created in 0.002451181411743164 seconds.
No Solution found for 1 Tracks in 2.4557113647460938e-05 seconds.


1381 Clauses were created in 0.0027594566345214844 seconds.
No Solution found for 2 Tracks in 0.0003323554992675781 seconds.


1590 Clauses were created in 0.003152608871459961 seconds.
The Sat-Formula [1, -2, -3, -4, 5, -6, -7, 8, -9, -10, -11, 12, -13, 14, -15, 16, -17, -18, -19, -20, 21, 22, -23, -24, 25, -26, -27, -28, 29, -30, -130, -141, -152, -163, -174, -185, -196, -207, -218, -229, -131, -140, -132, -150, -133, -160, -134, -170, -135, 180, -136, -190, -137, 200, -138, 210, -139, -220, 142, -151, -143, -161, -144, 171, -145, -181, -146, -191, -147, -201, -148, -211, -149, 221, -153, -162, -154, 172, -155, -182, -156, -192, -157, -202, -158, -212, -159, 222, -164, -173, -165, -183, 166, -193, -167, -203, -168, -213, -169, -223, -175, -184, -176, -194, -177, -204, -178, -214, -179, 224, -186, -195, 187, -205, 188, -215, -189, -225, -197, -206, -198, -216, -199, -226, -208, 217, -209, -227, -219, -228, 231, 232, -233, 234, 235, 236, 237, 238, -239, 242, -243, 244, -245, 246, -247, -248, 249, -253, 254, 255, -256, 257, -258, 259, -264, -265, 266, -267, -268, -269, 275, -276, -277, 278, 279, -286, 287, 288, 289, -297, -298, -299, 308, -309, -319]
calculated to True in 0.0005903244018554688 seconds.

The TLP has the following configuration: 

  ----  6  ----  9  ----  8  ----  1  ---- 
  ----  10  ----  5  ----  2  ----  3  ---- 
  ----  4  ----  7  ---- 

------------------------
File: grafo949.10.gml with 10 Nodes and 10.0 Edges
------------
1231 Clauses were created in 0.0026204586029052734 seconds.
No Solution found for 1 Tracks in 2.5987625122070312e-05 seconds.


1431 Clauses were created in 0.0029315948486328125 seconds.
No Solution found for 2 Tracks in 0.00028634071350097656 seconds.


1641 Clauses were created in 0.0033636093139648438 seconds.
The Sat-Formula [1, -2, -3, -4, -5, 6, -7, -8, 9, -10, -11, 12, 13, -14, -15, -16, 17, -18, 19, -20, -21, -22, 23, -24, 25, -26, -27, -28, 29, -30, -130, -141, -152, -163, -174, -185, -196, -207, -218, -229, -131, -140, -132, -150, -133, -160, -134, 170, -135, -180, 136, -190, -137, -200, 138, -210, -139, -220, -142, 151, -143, 161, -144, -171, -145, -181, -146, -191, -147, -201, -148, -211, -149, -221, -153, 162, -154, -172, -155, -182, -156, -192, -157, -202, -158, -212, -159, -222, -164, -173, -165, -183, -166, -193, -167, -203, -168, -213, -169, -223, -175, -184, 176, -194, -177, -204, 178, -214, -179, -224, -186, -195, -187, 205, -188, -215, -189, 225, -197, -206, -198, 216, -199, -226, -208, -217, -209, 227, -219, -228, -231, -232, -233, 234, -235, 236, 237, 238, -239, 242, 243, -244, 245, 246, -247, -248, -249, 253, -254, -255, -256, -257, -258, -259, 264, -265, -266, -267, 268, 269, -275, 276, -277, 278, 279, -286, 287, -288, 289, -297, 298, -299, -308, 309, -319]
calculated to True in 0.0006620883941650391 seconds.

The TLP has the following configuration: 

  ----  5  ----  1  ----  9  ----  7  ---- 
  ----  10  ----  8  ----  6  ---- 
  ----  4  ----  3  ----  2  ---- 

------------------------
File: grafo1627.10.gml with 10 Nodes and 15.0 Edges
------------
1500 Clauses were created in 0.0034296512603759766 seconds.
No Solution found for 1 Tracks in 2.3603439331054688e-05 seconds.


1705 Clauses were created in 0.003723621368408203 seconds.
No Solution found for 2 Tracks in 0.00016880035400390625 seconds.


1920 Clauses were created in 0.004184246063232422 seconds.
The Sat-Formula [1, -2, -3, -4, 5, -6, 7, -8, -9, -10, -11, 12, 13, -14, -15, -16, -17, 18, 19, -20, -21, -22, -23, 24, 25, -26, -27, -28, -29, 30, -130, -141, -152, -163, -174, -185, -196, -207, -218, -229, -131, -140, -132, 150, -133, -160, 134, -170, -135, -180, 136, -190, -137, -200, -138, 210, -139, -220, -142, -151, -143, -161, -144, -171, -145, -181, -146, -191, -147, -201, -148, -211, -149, -221, -153, -162, 154, -172, -155, -182, 156, -192, -157, -202, -158, 212, -159, -222, -164, -173, 165, -183, -166, -193, 167, -203, -168, -213, -169, 223, -175, -184, 176, -194, -177, -204, -178, 214, -179, -224, -186, -195, 187, -205, -188, -215, -189, 225, -197, -206, -198, 216, -199, -226, -208, -217, -209, 227, -219, -228, -231, 232, -233, 234, 235, 236, 237, 238, 239, -242, -243, -244, 245, -246, -247, -248, -249, -253, 254, -255, 256, 257, 258, -259, -264, 265, 266, 267, -268, 269, -275, 276, 277, 278, 279, -286, 287, -288, 289, 297, 298, 299, 308, 309, 319]
calculated to True in 0.00127410888671875 seconds.

The TLP has the following configuration: 

  ----  9  ----  3  ----  1  ----  5  ----  7  ---- 
  ----  2  ---- 
  ----  10  ----  4  ----  6  ----  8  ---- 

------------------------
File: grafo2538.10.gml with 10 Nodes and 10.0 Edges
------------
1231 Clauses were created in 0.0026650428771972656 seconds.
No Solution found for 1 Tracks in 2.4318695068359375e-05 seconds.


1431 Clauses were created in 0.002926349639892578 seconds.
No Solution found for 2 Tracks in 0.0002739429473876953 seconds.


1641 Clauses were created in 0.0033271312713623047 seconds.
The Sat-Formula [1, -2, -3, -4, -5, 6, -7, 8, -9, -10, -11, 12, -13, 14, -15, 16, -17, -18, 19, -20, -21, 22, -23, -24, -25, -26, 27, -28, 29, -30, -130, -141, -152, -163, -174, -185, -196, -207, -218, -229, -131, -140, -132, -150, -133, -160, -134, -170, -135, 180, -136, 190, -137, 200, -138, -210, -139, -220, -142, -151, 143, -161, -144, -171, -145, -181, -146, -191, -147, -201, 148, -211, -149, -221, -153, -162, 154, -172, -155, -182, -156, -192, -157, -202, -158, -212, -159, 222, -164, -173, -165, -183, -166, -193, -167, -203, 168, -213, -169, -223, -175, -184, -176, -194, -177, -204, -178, -214, -179, 224, 186, -195, 187, -205, -188, -215, -189, -225, 197, -206, -198, -216, -199, -226, -208, -217, -209, -227, -219, -228, 231, 232, 233, 234, 235, 236, 237, 238, -239, -242, 243, 244, 245, -246, -247, 248, -249, -253, 254, -255, 256, -257, 258, 259, -264, -265, -266, 267, 268, 269, 275, -276, -277, 278, 279, 286, 287, -288, 289, 297, -298, -299, -308, -309, -319]
calculated to True in 0.0006477832794189453 seconds.

The TLP has the following configuration: 

  ----  6  ----  7  ----  8  ----  1  ---- 
  ----  10  ----  3  ----  5  ---- 
  ----  2  ----  4  ----  9  ---- 

------------------------
File: grafo254.10.gml with 10 Nodes and 11.0 Edges
------------
1288 Clauses were created in 0.011341094970703125 seconds.
No Solution found for 1 Tracks in 5.1021575927734375e-05 seconds.


1489 Clauses were created in 0.004317522048950195 seconds.
No Solution found for 2 Tracks in 0.0002396106719970703 seconds.


1700 Clauses were created in 0.00400233268737793 seconds.
The Sat-Formula [1, -2, -3, -4, -5, 6, -7, -8, 9, 10, -11, -12, 13, -14, -15, 16, -17, -18, -19, 20, -21, -22, 23, -24, 25, -26, -27, -28, -29, 30, -130, -141, -152, -163, -174, -185, -196, -207, -218, -229, -131, -140, -132, -150, 133, -160, 134, -170, 135, -180, -136, -190, -137, -200, 138, -210, -139, -220, 142, -151, -143, -161, -144, -171, -145, -181, -146, -191, -147, -201, -148, -211, -149, 221, -153, -162, -154, -172, -155, -182, -156, -192, -157, -202, -158, -212, -159, 222, 164, -173, 165, -183, -166, -193, -167, -203, 168, -213, -169, -223, 175, -184, -176, -194, -177, -204, 178, -214, -179, -224, -186, -195, -187, -205, 188, -215, -189, -225, 197, -206, -198, -216, -199, -226, -208, -217, -209, -227, -219, -228, -231, 232, 233, 234, 235, -236, 237, 238, -239, 242, -243, -244, -245, -246, 247, 248, 249, -253, -254, -255, -256, 257, 258, 259, 264, 265, -266, 267, 268, -269, 275, -276, 277, 278, -279, 286, 287, 288, -289, 297, -298, -299, -308, -309, -319]
calculated to True in 0.0010762214660644531 seconds.

The TLP has the following configuration: 

  ----  1  ----  4  ----  5  ----  6  ----  9  ---- 
  ----  7  ----  8  ---- 
  ----  10  ----  2  ----  3  ---- 

------------------------
