File: grafo270.20.gml with 20 Nodes and 30.0 Edges
------------
7670 Clauses were created in 0.01659417152404785 seconds.
No Solution found for 1 Tracks in 8.082389831542969e-05 seconds.


11114 Clauses were created in 0.024830341339111328 seconds.
No Solution found for 2 Tracks in 0.0003268718719482422 seconds.


17402 Clauses were created in 0.053900957107543945 seconds.
No Solution found for 3 Tracks in 0.01673102378845215 seconds.


26534 Clauses were created in 0.06851410865783691 seconds.
The Sat-Formula [1, -2, -3, -4, -5, 6, -7, -8, -9, -10, 11, -12, 13, -14, -15, -16, -17, 18, -19, -20, -21, -22, -23, 24, -25, -26, -27, 28, -29, -30, 31, -32, -33, -34, 35, -36, -37, -38, -39, 40, -41, -42, -43, 44, -45, -46, 47, -48, 49, -50, -51, -52, -53, -54, 55, -56, 57, -58, -59, -60, 61, -62, -63, -64, 65, -66, -67, -68, -69, -70, 71, -72, -73, 74, -75, -76, -77, 78, -79, -80, -180, -201, -222, -243, -264, -285, -306, -327, -348, -369, -390, -411, -432, -453, -474, -495, -516, -537, -558, -579, -181, -200, -182, -220, -183, 240, -184, -260, -185, -280, -186, -300, -187, -320, -188, -340, -189, -360, -190, -380, -191, -400, -192, 420, -193, -440, 194, -460, 195, -480, -196, 500, -197, -520, -198, -540, -199, -560, -202, -221, -203, -241, 204, -261, -205, -281, -206, -301, -207, -321, -208, -341, -209, -361, -210, -381, -211, -401, -212, -421, -213, -441, -214, -461, -215, -481, -216, -501, -217, -521, -218, 541, 219, -561, -223, -242, -224, -262, -225, -282, -226, -302, 227, -322, -228, 342, -229, -362, -230, -382, -231, 402, -232, -422, 233, -442, -234, -462, -235, -482, -236, -502, -237, 522, -238, -542, -239, -562, -244, -263, -245, -283, -246, -303, -247, -323, -248, -343, -249, -363, -250, -383, -251, -403, -252, 423, -253, -443, 254, -463, 255, -483, -256, 503, -257, -523, -258, -543, -259, -563, -265, -284, -266, -304, -267, -324, -268, -344, -269, -364, -270, -384, -271, -404, -272, -424, -273, -444, -274, -464, -275, -484, -276, -504, -277, -524, -278, 544, -279, 564, -286, 305, -287, -325, -288, -345, -289, 365, -290, 385, -291, -405, -292, -425, -293, -445, -294, -465, -295, -485, -296, -505, -297, -525, -298, -545, -299, -565, -307, -326, -308, -346, -309, 366, 310, -386, -311, -406, -312, -426, -313, -446, -314, -466, -315, -486, -316, -506, -317, -526, -318, -546, -319, -566, -328, 347, -329, -367, -330, -387, -331, 407, -332, -427, 333, -447, -334, -467, -335, -487, -336, -507, -337, 527, -338, -547, -339, -567, -349, -368, -350, -388, -351, 408, -352, -428, 353, -448, -354, -468, -355, -488, -356, -508, -357, 528, -358, -548, -359, -568, 370, -389, -371, -409, -372, -429, -373, -449, -374, -469, -375, -489, -376, -509, -377, -529, -378, -549, -379, -569, -391, -410, -392, -430, -393, -450, -394, -470, -395, -490, -396, -510, -397, -530, -398, -550, -399, -570, -412, -431, 413, -451, -414, -471, -415, -491, -416, -511, 417, -531, -418, -551, -419, -571, -433, -452, 434, -472, 435, -492, -436, 512, -437, -532, -438, -552, -439, -572, -454, -473, -455, -493, -456, -513, -457, 533, -458, -553, -459, -573, 475, -494, -476, 514, -477, -534, -478, -554, -479, -574, -496, 515, -497, -535, -498, -555, -499, -575, -517, -536, -518, -556, -519, -576, -538, -557, -539, -577, 559, -578]
calculated to True in 0.0028727054595947266 seconds.

The TLP has the following configuration: 

  ----  17  ----  13  ----  4  ----  1  ----  15  ----  16  ---- 
  ----  19  ----  2  ----  20  ----  5  ---- 
  ----  12  ----  18  ----  9  ----  3  ----  8  ----  14  ---- 
  ----  10  ----  7  ----  11  ----  6  ---- 

------------------------
File: grafo3051.20.gml with 20 Nodes and 23.0 Edges
------------
7663 Clauses were created in 0.01549220085144043 seconds.
No Solution found for 1 Tracks in 5.078315734863281e-05 seconds.


9980 Clauses were created in 0.04406285285949707 seconds.
No Solution found for 2 Tracks in 0.0007054805755615234 seconds.


14021 Clauses were created in 0.060678958892822266 seconds.
The Sat-Formula [-1, -2, 3, 4, -5, -6, -7, -8, 9, -10, -11, 12, 13, -14, -15, -16, 17, -18, -19, 20, -21, 22, -23, -24, 25, -26, -27, 28, -29, -30, -31, 32, -33, -34, 35, -36, 37, -38, -39, -40, -41, 42, -43, 44, -45, -46, -47, 48, 49, -50, -51, -52, 53, -54, -55, -56, 57, 58, -59, -60, -160, -181, -202, -223, -244, -265, -286, -307, -328, -349, -370, -391, -412, -433, -454, -475, -496, -517, -538, -559, -161, -180, 162, -200, 163, -220, -164, -240, -165, -260, -166, -280, -167, -300, -168, -320, -169, -340, -170, -360, -171, -380, -172, -400, -173, 420, -174, -440, -175, 460, -176, -480, -177, -500, 178, -520, -179, -540, -182, -201, -183, -221, -184, 241, -185, -261, -186, -281, 187, -301, 188, -321, 189, -341, -190, -361, -191, -381, 192, -401, -193, -421, -194, -441, -195, -461, -196, 481, -197, -501, -198, -521, -199, 541, 203, -222, -204, -242, -205, -262, -206, -282, -207, -302, -208, -322, -209, -342, -210, -362, -211, -382, -212, -402, -213, 422, -214, -442, -215, 462, -216, -482, -217, -502, 218, -522, -219, -542, -224, -243, -225, -263, -226, -283, -227, -303, -228, -323, -229, -343, -230, -363, -231, -383, -232, -403, -233, 423, -234, -443, -235, 463, -236, -483, -237, -503, -238, 523, -239, -543, -245, -264, -246, -284, 247, -304, 248, -324, 249, -344, -250, -364, -251, -384, 252, -404, -253, -424, -254, -444, -255, -464, -256, 484, -257, -504, -258, -524, 259, -544, 266, -285, -267, -305, -268, -325, -269, -345, 270, -365, 271, -385, -272, -405, -273, -425, -274, 445, -275, -465, -276, -485, 277, -505, -278, -525, -279, -545, -287, -306, -288, -326, -289, -346, 290, -366, 291, -386, -292, -406, -293, -426, -294, 446, -295, -466, -296, -486, 297, -506, -298, -526, -299, -546, 308, -327, 309, -347, -310, -367, -311, -387, -312, 407, -313, -427, -314, -447, -315, -467, -316, 487, -317, -507, -318, -527, -319, 547, -329, 348, -330, -368, -331, -388, -332, 408, -333, -428, -334, -448, -335, -468, -336, 488, -337, -508, -338, -528, -339, 548, -350, -369, -351, -389, -352, 409, -353, -429, -354, -449, -355, -469, -356, 489, -357, -509, -358, -529, -359, 549, 371, -390, -372, -410, -373, -430, -374, 450, -375, -470, -376, -490, 377, -510, -378, -530, -379, -550, -392, -411, -393, -431, -394, 451, -395, -471, -396, -491, 397, -511, -398, -531, -399, -551, -413, -432, -414, -452, -415, -472, -416, 492, -417, -512, -418, -532, -419, 552, -434, -453, -435, 473, -436, -493, -437, -513, 438, -533, -439, -553, -455, -474, -456, -494, 457, -514, -458, -534, -459, -554, -476, -495, -477, -515, 478, -535, -479, -555, -497, -516, -498, -536, 499, -556, -518, -537, -519, -557, -539, -558]
calculated to True in 0.002912759780883789 seconds.

The TLP has the following configuration: 

  ----  17  ----  5  ----  20  ----  2  ----  13  ----  8  ----  10  ----  9  ---- 
  ----  15  ----  6  ----  7  ----  11  ----  12  ----  18  ---- 
  ----  16  ----  14  ----  1  ----  3  ----  19  ----  4  ---- 

------------------------
File: grafo413.20.gml with 20 Nodes and 24.0 Edges
------------
7664 Clauses were created in 0.021178007125854492 seconds.
No Solution found for 1 Tracks in 5.602836608886719e-05 seconds.


10150 Clauses were created in 0.029737234115600586 seconds.
No Solution found for 2 Tracks in 0.0015625953674316406 seconds.


14528 Clauses were created in 0.05930495262145996 seconds.
No Solution found for 3 Tracks in 0.15393757820129395 seconds.


20798 Clauses were created in 0.06439542770385742 seconds.
The Sat-Formula [-1, 2, -3, -4, -5, -6, -7, 8, -9, -10, 11, -12, -13, 14, -15, -16, 17, -18, -19, -20, -21, -22, -23, 24, 25, -26, -27, -28, -29, 30, -31, -32, -33, -34, 35, -36, 37, -38, -39, -40, 41, -42, -43, -44, -45, -46, 47, -48, -49, -50, 51, -52, -53, -54, 55, -56, -57, 58, -59, -60, -61, -62, 63, -64, -65, -66, 67, -68, -69, -70, -71, 72, -73, -74, -75, 76, -77, -78, -79, 80, -180, -201, -222, -243, -264, -285, -306, -327, -348, -369, -390, -411, -432, -453, -474, -495, -516, -537, -558, -579, -181, -200, -182, -220, 183, -240, -184, -260, -185, -280, -186, -300, 187, -320, -188, -340, -189, -360, -190, -380, -191, -400, -192, -420, -193, -440, -194, 460, -195, -480, -196, -500, -197, -520, -198, -540, -199, -560, -202, -221, -203, -241, -204, -261, -205, 281, -206, -301, -207, -321, -208, -341, -209, -361, -210, -381, -211, -401, -212, -421, -213, -441, -214, -461, -215, -481, -216, -501, 217, -521, 218, -541, -219, 561, -223, -242, -224, -262, -225, -282, -226, -302, -227, -322, -228, 342, -229, -362, -230, -382, -231, 402, -232, 422, -233, 442, -234, -462, -235, 482, -236, 502, -237, -522, -238, -542, -239, -562, -244, -263, -245, -283, -246, -303, 247, -323, -248, -343, -249, -363, -250, -383, -251, -403, -252, -423, -253, -443, -254, 463, -255, -483, -256, -503, -257, -523, -258, -543, -259, -563, -265, -284, -266, 304, -267, -324, -268, -344, 269, -364, 270, -384, -271, -404, -272, -424, -273, -444, -274, -464, -275, -484, -276, -504, -277, -524, -278, -544, -279, -564, -286, -305, -287, -325, -288, -345, -289, -365, -290, -385, -291, -405, -292, -425, -293, -445, -294, -465, -295, -485, -296, -505, 297, -525, 298, -545, 299, -565, -307, -326, -308, -346, 309, -366, 310, -386, -311, -406, -312, -426, -313, -446, -314, -466, -315, -486, -316, -506, -317, -526, -318, -546, -319, -566, -328, -347, -329, -367, -330, -387, -331, -407, -332, -427, -333, -447, -334, 467, -335, -487, -336, -507, -337, -527, -338, -547, -339, -567, -349, -368, -350, -388, -351, 408, 352, -428, 353, -448, -354, -468, -355, 488, 356, -508, -357, -528, -358, -548, -359, -568, 370, -389, -371, -409, -372, -429, -373, -449, -374, -469, -375, -489, -376, -509, -377, -529, -378, -549, -379, -569, -391, -410, -392, -430, -393, -450, -394, -470, -395, -490, -396, -510, -397, -530, -398, -550, -399, -570, 412, -431, 413, -451, -414, -471, 415, -491, 416, -511, -417, -531, -418, -551, -419, -571, -433, 452, -434, -472, -435, 492, -436, 512, -437, -532, -438, -552, -439, -572, -454, -473, -455, 493, -456, 513, -457, -533, -458, -553, -459, -573, -475, -494, -476, -514, -477, -534, -478, -554, -479, -574, 496, -515, -497, -535, -498, -555, -499, -575, -517, -536, -518, -556, -519, -576, -538, 557, -539, 577, -559, 578]
calculated to True in 0.004016399383544922 seconds.

The TLP has the following configuration: 

  ----  7  ----  5  ----  10  ----  11  ---- 
  ----  15  ----  1  ----  4  ----  8  ---- 
  ----  12  ----  16  ----  9  ----  17  ----  14  ----  13  ----  3  ---- 
  ----  6  ----  20  ----  2  ----  19  ----  18  ---- 

------------------------
File: grafo1024.20.gml with 20 Nodes and 21.0 Edges
------------
7661 Clauses were created in 0.017413854598999023 seconds.
No Solution found for 1 Tracks in 5.435943603515625e-05 seconds.


9720 Clauses were created in 0.02004218101501465 seconds.
No Solution found for 2 Tracks in 0.0006537437438964844 seconds.


13247 Clauses were created in 0.04004383087158203 seconds.
The Sat-Formula [-1, 2, -3, -4, 5, -6, -7, 8, -9, -10, 11, -12, -13, -14, 15, -16, 17, -18, 19, -20, -21, 22, -23, -24, 25, -26, -27, 28, -29, -30, 31, -32, -33, -34, 35, -36, -37, 38, -39, 40, -41, -42, -43, -44, 45, 46, -47, -48, -49, -50, 51, 52, -53, -54, 55, -56, -57, -58, -59, 60, -160, -181, -202, -223, -244, -265, -286, -307, -328, -349, -370, -391, -412, -433, -454, -475, -496, -517, -538, -559, -161, 180, -162, 200, -163, 220, -164, -240, 165, -260, -166, -280, -167, -300, -168, -320, -169, -340, -170, -360, 171, -380, 172, -400, -173, -420, -174, -440, -175, -460, -176, -480, -177, -500, -178, -520, -179, -540, 182, -201, 183, -221, -184, -241, 185, -261, -186, -281, -187, -301, -188, -321, -189, -341, -190, -361, 191, -381, 192, -401, -193, -421, -194, -441, -195, -461, -196, -481, -197, -501, -198, -521, -199, -541, -203, 222, -204, -242, 205, -262, -206, -282, -207, -302, -208, -322, -209, -342, -210, -362, 211, -382, 212, -402, -213, -422, -214, -442, -215, -462, -216, -482, -217, -502, -218, -522, -219, -542, -224, -243, 225, -263, -226, -283, -227, -303, -228, -323, -229, -343, -230, -363, 231, -383, 232, -403, -233, -423, -234, -443, -235, -463, -236, -483, -237, -503, -238, -523, -239, -543, -245, -264, -246, -284, -247, -304, -248, -324, -249, -344, -250, -364, -251, -384, -252, -404, -253, -424, -254, 444, -255, -464, -256, 484, -257, -504, -258, -524, -259, 544, -266, -285, -267, -305, -268, -325, -269, -345, -270, -365, 271, -385, 272, -405, -273, -425, -274, -445, -275, -465, -276, -485, -277, -505, -278, -525, -279, -545, 287, -306, 288, -326, -289, 346, -290, 366, -291, -386, -292, -406, -293, 426, -294, -446, -295, 466, -296, -486, -297, 506, 298, -526, -299, -546, 308, -327, -309, 347, -310, 367, -311, -387, -312, -407, -313, 427, -314, -447, -315, 467, -316, -487, -317, 507, -318, 527, -319, -547, -329, 348, -330, 368, -331, -388, -332, -408, -333, 428, -334, -448, -335, 468, -336, -488, -337, 508, -338, 528, -339, -548, -350, 369, -351, -389, -352, -409, -353, 429, -354, -449, -355, 469, -356, -489, 357, -509, 358, -529, -359, -549, -371, -390, -372, -410, -373, 430, -374, -450, -375, 470, -376, -490, 377, -510, 378, -530, -379, -550, -392, 411, -393, -431, -394, -451, -395, -471, -396, -491, -397, -511, -398, -531, -399, -551, -413, -432, -414, -452, -415, -472, -416, -492, -417, -512, -418, -532, -419, -552, -434, -453, 435, -473, -436, -493, 437, -513, 438, -533, -439, -553, -455, -474, 456, -494, -457, -514, -458, -534, 459, -554, -476, -495, 477, -515, 478, -535, -479, -555, -497, -516, -498, -536, 499, -556, 518, -537, -519, -557, -539, -558]
calculated to True in 0.0016121864318847656 seconds.

The TLP has the following configuration: 

  ----  14  ----  16  ----  11  ----  10  ----  18  ----  7  ----  19  ----  8  ----  9  ---- 
  ----  2  ----  4  ----  3  ----  1  ----  6  ----  13  ----  12  ---- 
  ----  15  ----  17  ----  20  ----  5  ---- 

------------------------
File: grafo2922.20.gml with 20 Nodes and 24.0 Edges
------------
7664 Clauses were created in 0.015450239181518555 seconds.
No Solution found for 1 Tracks in 5.435943603515625e-05 seconds.


10134 Clauses were created in 0.02140331268310547 seconds.
No Solution found for 2 Tracks in 0.0005853176116943359 seconds.


14480 Clauses were created in 0.03260087966918945 seconds.
No Solution found for 3 Tracks in 0.042568206787109375 seconds.


20702 Clauses were created in 0.07669949531555176 seconds.
The Sat-Formula [-1, 2, -3, -4, -5, -6, -7, 8, -9, 10, -11, -12, -13, 14, -15, -16, -17, -18, 19, -20, -21, -22, 23, -24, -25, -26, -27, 28, -29, -30, -31, 32, -33, -34, 35, -36, -37, -38, -39, 40, 41, -42, -43, -44, 45, -46, -47, -48, -49, -50, -51, 52, 53, -54, -55, -56, 57, -58, -59, -60, 61, -62, -63, -64, 65, -66, -67, -68, 69, -70, -71, -72, -73, -74, 75, -76, 77, -78, -79, -80, -180, -201, -222, -243, -264, -285, -306, -327, -348, -369, -390, -411, -432, -453, -474, -495, -516, -537, -558, -579, -181, -200, -182, 220, -183, 240, -184, -260, -185, -280, -186, -300, -187, -320, -188, -340, -189, -360, -190, -380, -191, -400, -192, -420, -193, -440, -194, -460, -195, -480, -196, -500, -197, -520, -198, -540, -199, -560, -202, -221, -203, -241, -204, -261, -205, -281, -206, 301, -207, 321, -208, -341, -209, 361, -210, -381, -211, -401, -212, 421, -213, -441, -214, -461, -215, -481, -216, -501, -217, -521, -218, -541, -219, -561, 223, -242, -224, -262, -225, -282, -226, -302, -227, -322, -228, -342, -229, -362, -230, -382, -231, -402, -232, -422, -233, -442, -234, -462, -235, -482, -236, -502, -237, -522, -238, -542, -239, -562, -244, -263, -245, -283, -246, -303, -247, -323, -248, -343, -249, -363, -250, -383, -251, -403, -252, -423, -253, -443, -254, -463, -255, -483, -256, -503, -257, -523, -258, -543, -259, -563, -265, 284, -266, -304, -267, -324, 268, -344, -269, -364, -270, -384, -271, -404, -272, -424, -273, -444, -274, -464, -275, -484, -276, -504, -277, -524, -278, 544, -279, -564, -286, -305, -287, -325, 288, -345, -289, -365, -290, -385, -291, -405, -292, -425, -293, -445, -294, -465, -295, -485, -296, -505, -297, -525, 298, -545, -299, -565, -307, 326, -308, -346, -309, 366, -310, -386, -311, -406, -312, 426, -313, -446, -314, -466, -315, -486, -316, -506, -317, -526, -318, -546, -319, -566, -328, -347, 329, -367, -330, -387, -331, -407, 332, -427, -333, -447, -334, -467, -335, -487, -336, -507, -337, -527, -338, -547, -339, -567, -349, -368, -350, -388, -351, -408, -352, -428, -353, -448, -354, -468, -355, -488, -356, -508, -357, -528, -358, 548, -359, -568, -370, -389, -371, -409, 372, -429, -373, -449, -374, -469, -375, -489, -376, -509, -377, -529, -378, -549, -379, -569, 391, -410, -392, -430, 393, -450, -394, 470, 395, -490, 396, -510, 397, -530, -398, -550, 399, -570, -412, -431, -413, 451, -414, 471, -415, 491, 416, -511, -417, 531, -418, -551, -419, 571, -433, -452, -434, -472, -435, -492, -436, -512, -437, -532, -438, -552, -439, -572, -454, 473, 455, -493, 456, -513, 457, -533, -458, -553, 459, -573, 475, -494, 476, -514, 477, -534, -478, -554, 479, -574, 496, -515, -497, 535, -498, -555, -499, 575, -517, 536, -518, -556, -519, 576, -538, -557, 539, -577, -559, -578]
calculated to True in 0.002169370651245117 seconds.

The TLP has the following configuration: 

  ----  15  ----  11  ----  14  ----  18  ----  20  ----  16  ----  12  ----  17  ---- 
  ----  3  ----  4  ----  1  ---- 
  ----  6  ----  19  ----  5  ----  9  ---- 
  ----  8  ----  10  ----  13  ----  7  ----  2  ---- 

------------------------
File: grafo1837.20.gml with 20 Nodes and 24.0 Edges
------------
7664 Clauses were created in 0.015273571014404297 seconds.
No Solution found for 1 Tracks in 5.3882598876953125e-05 seconds.


10102 Clauses were created in 0.021249771118164062 seconds.
No Solution found for 2 Tracks in 0.002418994903564453 seconds.


14384 Clauses were created in 0.03570127487182617 seconds.
No Solution found for 3 Tracks in 0.008851289749145508 seconds.


20510 Clauses were created in 0.06161332130432129 seconds.
The Sat-Formula [-1, -2, 3, -4, -5, 6, -7, -8, 9, -10, -11, -12, -13, -14, -15, 16, -17, -18, 19, -20, -21, -22, 23, -24, -25, 26, -27, -28, 29, -30, -31, -32, 33, -34, -35, -36, -37, 38, -39, -40, -41, 42, -43, -44, -45, -46, -47, 48, 49, -50, -51, -52, -53, -54, 55, -56, -57, 58, -59, -60, 61, -62, -63, -64, -65, -66, -67, 68, -69, 70, -71, -72, -73, 74, -75, -76, -77, 78, -79, -80, -180, -201, -222, -243, -264, -285, -306, -327, -348, -369, -390, -411, -432, -453, -474, -495, -516, -537, -558, -579, -181, -200, -182, -220, -183, -240, -184, 260, -185, 280, -186, -300, -187, -320, -188, -340, -189, -360, -190, -380, -191, -400, -192, -420, -193, 440, -194, -460, -195, -480, -196, -500, -197, -520, -198, -540, -199, -560, -202, -221, -203, -241, -204, -261, -205, -281, -206, 301, -207, -321, -208, -341, -209, 361, -210, 381, -211, -401, -212, -421, -213, -441, -214, 461, -215, -481, -216, -501, -217, 521, -218, 541, -219, 561, -223, -242, -224, -262, -225, -282, -226, -302, 227, -322, 228, -342, -229, -362, -230, -382, -231, -402, 232, -422, -233, -442, -234, -462, 235, -482, -236, -502, -237, -522, -238, -542, -239, -562, -244, -263, -245, -283, -246, -303, -247, -323, -248, -343, -249, -363, -250, -383, -251, 403, -252, -423, -253, -443, -254, -463, -255, -483, -256, 503, -257, -523, -258, -543, -259, -563, 265, -284, -266, -304, -267, -324, -268, -344, -269, -364, -270, -384, -271, -404, -272, -424, 273, -444, -274, -464, -275, -484, -276, -504, -277, -524, -278, -544, -279, -564, -286, -305, -287, -325, -288, -345, -289, -365, -290, -385, -291, -405, -292, -425, 293, -445, -294, -465, -295, -485, -296, -505, -297, -525, -298, -545, -299, -565, -307, -326, -308, -346, -309, 366, -310, 386, -311, -406, -312, -426, -313, -446, 314, -466, -315, -486, -316, -506, -317, 526, -318, 546, -319, 566, -328, 347, -329, -367, -330, -387, -331, -407, 332, -427, -333, -447, -334, -467, -335, 487, -336, -507, -337, -527, -338, -547, -339, -567, -349, -368, -350, -388, -351, -408, 352, -428, -353, -448, -354, -468, 355, -488, -356, -508, -357, -528, -358, -548, -359, -568, 370, -389, -371, -409, -372, -429, -373, -449, 374, -469, -375, -489, -376, -509, 377, -529, 378, -549, 379, -569, -391, -410, -392, -430, -393, -450, 394, -470, -395, -490, -396, -510, 397, -530, 398, -550, 399, -570, -412, -431, -413, -451, -414, -471, -415, -491, -416, 511, -417, -531, -418, -551, -419, -571, -433, -452, -434, -472, -435, 492, -436, -512, -437, -532, -438, -552, -439, -572, -454, -473, -455, -493, -456, -513, -457, -533, -458, -553, -459, -573, -475, -494, -476, -514, -477, 534, -478, 554, -479, 574, -496, -515, -497, -535, -498, -555, -499, -575, -517, -536, -518, -556, -519, -576, -538, 557, -539, 577, 559, -578]
calculated to True in 0.0017971992492675781 seconds.

The TLP has the following configuration: 

  ----  3  ----  9  ----  16  ----  8  ----  13  ---- 
  ----  10  ----  11  ----  19  ----  20  ----  18  ----  7  ----  15  ----  2  ---- 
  ----  5  ----  6  ----  14  ----  1  ---- 
  ----  17  ----  12  ----  4  ---- 

------------------------
File: grafo1716.20.gml with 20 Nodes and 23.0 Edges
------------
7663 Clauses were created in 0.01508641242980957 seconds.
No Solution found for 1 Tracks in 5.4836273193359375e-05 seconds.


9956 Clauses were created in 0.02070307731628418 seconds.
No Solution found for 2 Tracks in 0.0013527870178222656 seconds.


13949 Clauses were created in 0.030801773071289062 seconds.
No Solution found for 3 Tracks in 0.09694051742553711 seconds.


19642 Clauses were created in 0.058670759201049805 seconds.
The Sat-Formula [-1, 2, -3, -4, -5, -6, 7, -8, 9, -10, -11, -12, -13, 14, -15, -16, -17, -18, -19, 20, 21, -22, -23, -24, -25, 26, -27, -28, -29, -30, -31, 32, -33, -34, -35, 36, 37, -38, -39, -40, -41, -42, 43, -44, -45, -46, 47, -48, -49, -50, -51, 52, -53, -54, -55, 56, -57, -58, -59, 60, -61, -62, -63, 64, -65, -66, -67, 68, 69, -70, -71, -72, -73, -74, 75, -76, -77, 78, -79, -80, -180, -201, -222, -243, -264, -285, -306, -327, -348, -369, -390, -411, -432, -453, -474, -495, -516, -537, -558, -579, -181, -200, -182, -220, 183, -240, -184, -260, -185, -280, 186, -300, -187, -320, -188, -340, -189, -360, -190, -380, -191, -400, -192, -420, -193, -440, -194, -460, -195, -480, -196, -500, -197, -520, -198, -540, 199, -560, -202, -221, -203, -241, -204, -261, -205, -281, -206, -301, -207, -321, -208, -341, -209, -361, 210, -381, 211, -401, -212, -421, -213, -441, -214, -461, -215, -481, -216, -501, -217, -521, -218, 541, -219, -561, -223, -242, -224, -262, 225, -282, -226, -302, -227, -322, -228, -342, -229, 362, -230, -382, -231, -402, -232, -422, -233, -442, -234, -462, -235, -482, -236, -502, -237, 522, -238, -542, -239, -562, -244, -263, -245, -283, 246, -303, -247, -323, -248, -343, -249, -363, -250, -383, -251, -403, -252, -423, -253, -443, -254, -463, -255, -483, -256, -503, -257, -523, -258, -543, -259, 563, -265, -284, -266, -304, -267, 324, -268, 344, -269, -364, -270, -384, -271, -404, 272, -424, 273, -444, 274, -464, 275, -484, 276, -504, -277, -524, -278, -544, -279, -564, -286, -305, -287, -325, -288, -345, -289, 365, -290, -385, -291, -405, -292, -425, -293, -445, -294, -465, -295, -485, -296, -505, -297, 525, -298, -545, -299, -565, -307, -326, -308, -346, -309, -366, -310, -386, -311, -406, -312, -426, -313, -446, -314, -466, -315, -486, -316, -506, -317, -526, -318, -546, -319, 566, 328, -347, -329, -367, -330, -387, -331, -407, 332, -427, 333, -447, 334, -467, 335, -487, 336, -507, -337, -527, -338, -547, -339, -567, -349, -368, -350, -388, -351, -408, 352, -428, 353, -448, 354, -468, 355, -488, 356, -508, -357, -528, -358, -548, -359, -568, -370, -389, -371, -409, -372, -429, -373, -449, -374, -469, -375, -489, -376, -509, 377, -529, -378, -549, -379, -569, -391, 410, -392, -430, -393, -450, -394, -470, -395, -490, -396, -510, -397, -530, -398, 550, -399, -570, -412, -431, -413, -451, -414, -471, -415, -491, -416, -511, -417, -531, -418, 551, -419, -571, -433, 452, -434, 472, -435, 492, 436, -512, -437, -532, -438, -552, -439, -572, -454, 473, 455, -493, 456, -513, -457, -533, -458, -553, -459, -573, 475, -494, 476, -514, -477, -534, -478, -554, -479, -574, 496, -515, -497, -535, -498, -555, -499, -575, -517, -536, -518, -556, -519, -576, -538, -557, -539, -577, -559, -578]
calculated to True in 0.0019049644470214844 seconds.

The TLP has the following configuration: 

  ----  10  ----  18  ----  3  ----  6  ---- 
  ----  1  ----  20  ----  4  ----  7  ---- 
  ----  19  ----  2  ----  12  ----  11  ---- 
  ----  8  ----  9  ----  5  ----  15  ----  14  ----  16  ----  13  ----  17  ---- 

------------------------
File: grafo2396.20.gml with 20 Nodes and 24.0 Edges
------------
7664 Clauses were created in 0.015236377716064453 seconds.
No Solution found for 1 Tracks in 5.1975250244140625e-05 seconds.


10150 Clauses were created in 0.021140336990356445 seconds.
No Solution found for 2 Tracks in 0.001035451889038086 seconds.


14528 Clauses were created in 0.044618844985961914 seconds.
The Sat-Formula [-1, 2, -3, 4, -5, -6, 7, -8, -9, -10, 11, -12, 13, -14, -15, 16, -17, -18, 19, -20, -21, -22, 23, -24, -25, 26, -27, -28, -29, 30, -31, -32, 33, -34, -35, 36, -37, 38, -39, -40, -41, 42, -43, -44, 45, 46, -47, -48, 49, -50, -51, -52, 53, -54, 55, -56, -57, -58, -59, 60, -160, -181, -202, -223, -244, -265, -286, -307, -328, -349, -370, -391, -412, -433, -454, -475, -496, -517, -538, -559, -161, -180, -162, -200, 163, -220, -164, -240, -165, -260, -166, -280, 167, -300, 168, -320, -169, -340, -170, -360, -171, -380, 172, -400, -173, -420, -174, -440, -175, -460, -176, -480, 177, -500, -178, -520, -179, -540, -182, 201, -183, -221, -184, 241, 185, -261, -186, 281, -187, -301, -188, -321, -189, -341, -190, -361, -191, -381, -192, -401, -193, -421, -194, -441, -195, 461, -196, 481, -197, -501, -198, 521, -199, -541, -203, -222, -204, 242, 205, -262, -206, 282, -207, -302, -208, -322, -209, -342, -210, -362, -211, -382, -212, -402, -213, -422, -214, -442, -215, 462, -216, 482, -217, -502, -218, 522, -219, -542, -224, -243, -225, -263, -226, -283, 227, -303, 228, -323, -229, -343, -230, -363, -231, -383, 232, -403, -233, -423, -234, -443, -235, -463, -236, -483, 237, -503, -238, -523, -239, -543, 245, -264, 246, -284, -247, -304, -248, -324, -249, -344, -250, -364, -251, -384, -252, -404, -253, -424, -254, -444, -255, 464, -256, 484, -257, -504, -258, 524, -259, -544, -266, 285, -267, -305, -268, -325, -269, -345, -270, -365, -271, -385, -272, -405, -273, -425, -274, -445, -275, 465, -276, 485, -277, -505, -278, 525, -279, -545, -287, -306, -288, -326, -289, -346, -290, -366, -291, -386, -292, -406, -293, -426, -294, -446, -295, 466, -296, 486, -297, -506, -298, 526, -299, -546, 308, -327, -309, -347, -310, -367, -311, -387, 312, -407, -313, -427, -314, -447, -315, -467, -316, -487, 317, -507, -318, -527, -319, -547, -329, -348, -330, -368, -331, -388, 332, -408, -333, -428, -334, -448, -335, -468, -336, -488, 337, -508, -338, -528, -339, -548, -350, 369, -351, 389, -352, -409, -353, 429, -354, 449, -355, -469, -356, -489, -357, -509, -358, -529, -359, 549, -371, 390, -372, -410, -373, 430, -374, 450, -375, -470, -376, -490, -377, -510, -378, -530, -379, 550, -392, -411, 393, -431, -394, 451, -395, -471, -396, -491, -397, -511, -398, -531, 399, -551, -413, -432, -414, -452, -415, -472, -416, -492, 417, -512, -418, -532, -419, -552, -434, 453, -435, -473, -436, -493, -437, -513, -438, -533, -439, 553, -455, -474, -456, -494, -457, -514, -458, -534, 459, -554, -476, 495, -477, -515, -478, 535, -479, -555, -497, -516, 498, -536, -499, -556, -518, -537, -519, -557, -539, -558]
calculated to True in 0.002048492431640625 seconds.

The TLP has the following configuration: 

  ----  17  ----  19  ----  16  ----  5  ----  7  ----  3  ----  2  ----  6  ---- 
  ----  1  ----  4  ----  8  ----  9  ----  13  ----  18  ---- 
  ----  15  ----  12  ----  20  ----  14  ----  11  ----  10  ---- 

------------------------
File: grafo1901.20.gml with 20 Nodes and 26.0 Edges
------------
7666 Clauses were created in 0.018360376358032227 seconds.
No Solution found for 1 Tracks in 7.43865966796875e-05 seconds.


10314 Clauses were created in 0.022837162017822266 seconds.
No Solution found for 2 Tracks in 0.0006556510925292969 seconds.


15014 Clauses were created in 0.03404378890991211 seconds.
No Solution found for 3 Tracks in 0.015401124954223633 seconds.


21766 Clauses were created in 0.13137531280517578 seconds.
The Sat-Formula [-1, 2, -3, -4, 5, -6, -7, -8, 9, -10, -11, -12, -13, 14, -15, -16, -17, -18, 19, -20, -21, -22, -23, 24, -25, 26, -27, -28, 29, -30, -31, -32, -33, -34, -35, 36, 37, -38, -39, -40, 41, -42, -43, -44, -45, -46, -47, 48, -49, -50, -51, 52, 53, -54, -55, -56, -57, -58, 59, -60, 61, -62, -63, -64, 65, -66, -67, -68, 69, -70, -71, -72, -73, 74, -75, -76, -77, 78, -79, -80, -180, -201, -222, -243, -264, -285, -306, -327, -348, -369, -390, -411, -432, -453, -474, -495, -516, -537, -558, -579, -181, -200, -182, -220, 183, -240, -184, -260, -185, -280, -186, 300, -187, -320, -188, -340, -189, -360, -190, -380, -191, -400, -192, -420, -193, -440, -194, -460, -195, -480, -196, -500, -197, -520, -198, 540, -199, 560, 202, -221, -203, -241, -204, -261, -205, -281, -206, -301, 207, -321, -208, -341, 209, -361, 210, -381, -211, -401, -212, -421, 213, -441, -214, -461, 215, -481, 216, -501, 217, -521, -218, -541, -219, -561, -223, -242, -224, -262, -225, -282, -226, -302, 227, -322, -228, -342, 229, -362, 230, -382, -231, -402, -232, -422, 233, -442, -234, -462, 235, -482, 236, -502, 237, -522, -238, -542, -239, -562, -244, -263, -245, -283, -246, 303, -247, -323, -248, -343, -249, -363, -250, -383, -251, -403, -252, -423, -253, -443, -254, -463, -255, -483, -256, -503, -257, -523, -258, 543, -259, 563, -265, -284, -266, -304, -267, -324, -268, -344, -269, -364, -270, -384, -271, -404, -272, -424, -273, -444, -274, 464, -275, -484, -276, -504, -277, -524, -278, -544, -279, -564, -286, -305, -287, -325, 288, -345, -289, -365, -290, -385, 291, -405, -292, 425, -293, -445, -294, -465, -295, -485, -296, -505, -297, -525, -298, -545, -299, -565, -307, -326, -308, -346, -309, -366, -310, -386, -311, -406, -312, -426, -313, -446, -314, -466, -315, -486, -316, -506, -317, -526, -318, 546, 319, -566, -328, -347, 329, -367, 330, -387, -331, -407, -332, -427, 333, -447, -334, -467, -335, 487, 336, -507, 337, -527, -338, -547, -339, -567, -349, -368, -350, -388, -351, 408, -352, 428, -353, -448, -354, -468, -355, -488, -356, -508, -357, -528, -358, -548, -359, -568, -370, 389, -371, -409, -372, -429, 373, -449, -374, -469, -375, 489, -376, 509, -377, 529, -378, -549, -379, -569, -391, -410, -392, -430, 393, -450, -394, -470, -395, 490, 396, -510, 397, -530, -398, -550, -399, -570, -412, 431, -413, -451, -414, -471, -415, -491, -416, -511, -417, -531, -418, -551, -419, -571, -433, -452, -434, -472, -435, -492, -436, -512, -437, -532, -438, -552, -439, -572, -454, -473, -455, 493, -456, 513, -457, 533, -458, -553, -459, -573, -475, -494, -476, -514, -477, -534, -478, -554, -479, -574, 496, -515, 497, -535, -498, -555, -499, -575, 517, -536, -518, -556, -519, -576, -538, -557, -539, -577, 559, -578]
calculated to True in 0.0021533966064453125 seconds.

The TLP has the following configuration: 

  ----  2  ----  3  ----  16  ----  8  ----  11  ----  17  ----  18  ----  10  ----  14  ---- 
  ----  19  ----  7  ----  20  ----  1  ----  4  ---- 
  ----  15  ----  5  ---- 
  ----  13  ----  6  ----  12  ----  9  ---- 

------------------------
File: grafo874.20.gml with 20 Nodes and 25.0 Edges
------------
7665 Clauses were created in 0.025509357452392578 seconds.
No Solution found for 1 Tracks in 6.4849853515625e-05 seconds.


10288 Clauses were created in 0.032425880432128906 seconds.
No Solution found for 2 Tracks in 0.0005428791046142578 seconds.


14939 Clauses were created in 0.0480191707611084 seconds.
No Solution found for 3 Tracks in 0.005963325500488281 seconds.


21618 Clauses were created in 0.06453800201416016 seconds.
The Sat-Formula [1, -2, -3, -4, -5, 6, -7, -8, -9, -10, -11, 12, -13, -14, -15, 16, 17, -18, -19, -20, -21, -22, -23, 24, 25, -26, -27, -28, -29, 30, -31, -32, -33, -34, 35, -36, 37, -38, -39, -40, -41, -42, -43, 44, -45, -46, -47, 48, -49, 50, -51, -52, -53, 54, -55, -56, -57, -58, 59, -60, -61, -62, 63, -64, 65, -66, -67, -68, 69, -70, -71, -72, -73, -74, 75, -76, -77, 78, -79, -80, -180, -201, -222, -243, -264, -285, -306, -327, -348, -369, -390, -411, -432, -453, -474, -495, -516, -537, -558, -579, -181, -200, -182, -220, -183, -240, -184, 260, -185, -280, 186, -300, -187, -320, -188, -340, -189, 360, -190, -380, -191, -400, -192, -420, -193, -440, -194, -460, -195, -480, 196, -500, -197, 520, -198, -540, -199, -560, -202, -221, -203, -241, -204, -261, -205, -281, -206, -301, 207, -321, -208, -341, -209, -361, -210, -381, -211, -401, 212, -421, 213, -441, -214, -461, -215, -481, -216, -501, -217, -521, -218, -541, -219, 561, 223, -242, -224, -262, 225, -282, -226, -302, -227, -322, -228, -342, -229, -362, 230, -382, 231, -402, -232, -422, -233, -442, -234, -462, -235, -482, -236, -502, -237, -522, -238, -542, -239, -562, -244, -263, -245, 283, -246, -303, -247, -323, -248, -343, -249, -363, 250, -383, -251, 403, -252, -423, -253, -443, -254, -463, -255, -483, -256, -503, -257, -523, -258, -543, -259, -563, -265, -284, 266, -304, -267, -324, -268, -344, 269, -364, -270, -384, -271, -404, -272, -424, -273, -444, -274, -464, -275, -484, 276, -504, 277, -524, -278, -544, -279, -564, -286, -305, -287, -325, -288, -345, -289, -365, 290, -385, -291, 405, -292, -425, -293, -445, -294, -465, -295, -485, -296, -505, -297, -525, -298, -545, -299, -565, -307, -326, -308, -346, -309, 366, -310, -386, -311, -406, -312, -426, -313, -446, -314, -466, -315, -486, -316, 506, -317, 526, -318, -546, -319, -566, -328, -347, -329, -367, -330, -387, -331, -407, -332, 427, 333, -447, -334, -467, -335, -487, -336, -507, -337, -527, -338, -547, -339, 567, -349, -368, -350, -388, -351, -408, -352, -428, -353, -448, -354, 468, 355, -488, -356, -508, -357, -528, -358, 548, -359, -568, -370, -389, -371, -409, -372, -429, -373, -449, -374, -469, -375, -489, 376, -509, -377, 529, -378, -549, -379, -569, -391, 410, -392, -430, -393, -450, -394, -470, -395, -490, -396, -510, -397, -530, -398, -550, -399, -570, -412, -431, -413, -451, -414, -471, -415, -491, -416, -511, -417, -531, -418, -551, -419, -571, 433, -452, -434, -472, -435, -492, -436, -512, -437, -532, -438, -552, -439, 572, -454, -473, -455, -493, -456, -513, -457, -533, -458, -553, -459, 573, 475, -494, -476, -514, -477, -534, 478, -554, -479, -574, -496, -515, -497, -535, -498, 555, -499, -575, -517, 536, -518, -556, -519, -576, -538, -557, -539, -577, -559, -578]
calculated to True in 0.002408742904663086 seconds.

The TLP has the following configuration: 

  ----  5  ----  18  ----  10  ----  1  ----  17  ----  7  ---- 
  ----  20  ----  2  ----  13  ----  8  ----  14  ---- 
  ----  15  ----  19  ----  9  ----  16  ---- 
  ----  3  ----  12  ----  6  ----  4  ----  11  ---- 

------------------------
