File: grafo270.20.gml with 20 Nodes and 30.0 Edges
------------
10684 Clauses were created in 0.02554488182067871 seconds.
No Solution found for 1 Tracks in 0.00010442733764648438 seconds.


11494 Clauses were created in 0.036836862564086914 seconds.
No Solution found for 2 Tracks in 0.0004248619079589844 seconds.


12324 Clauses were created in 0.027246713638305664 seconds.
No Solution found for 3 Tracks in 0.033606529235839844 seconds.


13174 Clauses were created in 0.040033578872680664 seconds.
The Sat-Formula [-1, -2, 3, -4, -5, 6, -7, -8, 9, -10, -11, -12, 13, -14, -15, -16, -17, -18, 19, -20, 21, -22, -23, -24, -25, 26, -27, -28, -29, -30, -31, 32, -33, -34, 35, -36, 37, -38, -39, -40, -41, -42, 43, -44, -45, -46, 47, -48, -49, -50, -51, 52, -53, -54, 55, -56, -57, -58, -59, 60, -61, -62, -63, 64, -65, 66, -67, -68, -69, -70, -71, 72, -73, 74, -75, -76, -77, 78, -79, -80, -180, -201, -222, -243, -264, -285, -306, -327, -348, -369, -390, -411, -432, -453, -474, -495, -516, -537, -558, -579, -181, -200, -182, -220, -183, -240, -184, 260, -185, -280, -186, -300, -187, -320, -188, 340, -189, -360, -190, 380, -191, 400, -192, -420, -193, 440, -194, -460, -195, -480, -196, -500, -197, -520, -198, -540, -199, -560, -202, -221, -203, -241, -204, -261, -205, -281, 206, -301, -207, -321, -208, -341, -209, -361, -210, -381, -211, -401, -212, -421, -213, -441, -214, -461, -215, -481, -216, 501, -217, -521, -218, 541, 219, -561, -223, 242, -224, -262, -225, 282, -226, -302, -227, -322, -228, -342, -229, 362, -230, -382, -231, -402, -232, -422, -233, -442, -234, -462, -235, -482, -236, -502, -237, -522, -238, -542, -239, -562, -244, -263, 245, -283, -246, -303, -247, -323, -248, -343, -249, 363, -250, -383, -251, -403, -252, -423, -253, -443, -254, -463, -255, -483, -256, -503, -257, -523, -258, -543, -259, -563, -265, -284, -266, -304, -267, -324, -268, 344, -269, -364, -270, 384, -271, 404, -272, -424, -273, 444, -274, -464, -275, -484, -276, -504, -277, -524, -278, -544, -279, -564, -286, -305, -287, -325, -288, -345, -289, 365, -290, -385, -291, -405, -292, -425, -293, -445, -294, -465, -295, -485, -296, -505, -297, -525, -298, -545, -299, -565, -307, -326, -308, -346, -309, -366, -310, -386, -311, -406, -312, -426, -313, -446, -314, -466, -315, -486, -316, 506, -317, -526, -318, 546, -319, 566, -328, -347, -329, -367, -330, -387, -331, -407, -332, 427, -333, -447, 334, -467, 335, -487, -336, -507, -337, 527, -338, -547, -339, -567, -349, -368, 350, -388, -351, 408, -352, -428, 353, -448, -354, -468, -355, -488, -356, -508, -357, -528, -358, -548, -359, -568, -370, -389, -371, -409, -372, -429, -373, -449, -374, -469, -375, -489, -376, -509, -377, -529, -378, -549, -379, -569, -391, 410, -392, -430, 393, -450, -394, -470, -395, -490, -396, -510, -397, -530, -398, -550, -399, -570, -412, -431, 413, -451, -414, -471, -415, -491, -416, -511, -417, -531, -418, -551, -419, -571, -433, -452, 434, -472, 435, -492, -436, -512, -437, 532, -438, -552, -439, -572, -454, -473, -455, -493, -456, -513, -457, -533, -458, -553, -459, -573, -475, 494, -476, -514, -477, 534, -478, -554, -479, -574, -496, -515, -497, 535, -498, -555, -499, -575, -517, -536, 518, -556, 519, -576, -538, -557, -539, -577, 559, -578, -581, -582, -583, 584, -585, 586, -587, 588, -589, 590, 591, -592, 593, -594, -595, -596, -597, 598, -599, -602, -603, 604, -605, 606, -607, -608, -609, -610, -611, 612, -613, 614, 615, 616, -617, 618, 619, 623, -624, 625, 626, -627, -628, 629, -630, -631, -632, -633, 634, 635, -636, -637, -638, -639, -644, 645, -646, -647, -648, 649, -650, -651, -652, -653, 654, 655, -656, -657, -658, -659, -665, 666, 667, 668, -669, 670, 671, 672, 673, 674, -675, -676, 677, 678, 679, -686, -687, -688, 689, -690, -691, -692, -693, 694, 695, -696, -697, -698, -699, -707, -708, -709, -710, -711, -712, -713, 714, 715, 716, -717, 718, 719, -728, -729, 730, -731, 732, 733, 734, 735, -736, 737, -738, -739, -749, 750, 751, -752, 753, -754, -755, -756, -757, -758, -759, -770, -771, -772, -773, 774, 775, -776, -777, -778, -779, 791, -792, 793, -794, -795, -796, -797, -798, -799, -812, 813, -814, -815, -816, -817, -818, -819, 833, 834, 835, 836, 837, 838, 839, -854, -855, -856, 857, -858, -859, 875, 876, 877, 878, 879, 896, 897, 898, 899, 917, 918, 919, -938, -939, 959]
calculated to True in 0.0023369789123535156 seconds.

The TLP has the following configuration: 

  ----  10  ----  4  ----  6  ----  3  ---- 
  ----  17  ----  19  ----  2  ----  20  ----  7  ---- 
  ----  12  ----  9  ----  11  ----  14  ----  5  ----  1  ---- 
  ----  18  ----  13  ----  8  ----  16  ----  15  ---- 

------------------------
File: grafo3051.20.gml with 20 Nodes and 23.0 Edges
------------
9557 Clauses were created in 0.02095508575439453 seconds.
No Solution found for 1 Tracks in 5.888938903808594e-05 seconds.


10360 Clauses were created in 0.023860454559326172 seconds.
No Solution found for 2 Tracks in 0.0005037784576416016 seconds.


11183 Clauses were created in 0.023163557052612305 seconds.
The Sat-Formula [1, -2, -3, -4, 5, -6, 7, -8, -9, 10, -11, -12, 13, -14, -15, -16, 17, -18, -19, 20, -21, -22, -23, 24, -25, -26, 27, -28, -29, 30, -31, -32, 33, -34, 35, -36, -37, -38, 39, 40, -41, -42, -43, -44, 45, -46, 47, -48, -49, 50, -51, -52, 53, -54, 55, -56, -57, -58, -59, 60, -160, -181, -202, -223, -244, -265, -286, -307, -328, -349, -370, -391, -412, -433, -454, -475, -496, -517, -538, -559, -161, -180, -162, 200, 163, -220, 164, -240, -165, -260, -166, -280, -167, -300, -168, -320, -169, -340, -170, -360, -171, -380, -172, -400, 173, -420, -174, -440, -175, -460, -176, -480, -177, -500, -178, 520, -179, -540, -182, -201, -183, -221, -184, -241, 185, -261, 186, -281, -187, -301, -188, -321, -189, -341, -190, -361, 191, -381, -192, -401, -193, -421, -194, -441, 195, -461, 196, -481, 197, -501, -198, -521, -199, -541, 203, -222, 204, -242, -205, -262, -206, -282, -207, -302, -208, -322, -209, -342, -210, -362, -211, -382, -212, -402, 213, -422, -214, -442, -215, -462, -216, -482, -217, -502, 218, -522, -219, -542, 224, -243, -225, -263, -226, -283, -227, -303, -228, -323, -229, -343, -230, -363, -231, -383, -232, -403, -233, 423, -234, -443, -235, -463, -236, -483, -237, -503, -238, 523, -239, -543, -245, -264, -246, -284, -247, -304, -248, -324, -249, -344, -250, -364, -251, -384, -252, -404, -253, 424, -254, -444, -255, -464, -256, -484, -257, -504, -258, 524, -259, -544, -266, 285, -267, -305, -268, -325, -269, -345, -270, -365, 271, -385, -272, -405, -273, -425, -274, -445, 275, -465, 276, -485, 277, -505, -278, -525, -279, -545, -287, -306, -288, -326, -289, -346, -290, -366, 291, -386, -292, -406, -293, -426, -294, -446, 295, -466, 296, -486, 297, -506, -298, -526, -299, -546, 308, -327, 309, -347, 310, -367, -311, -387, -312, 407, -313, -427, 314, -447, -315, -467, -316, -487, -317, -507, -318, -527, 319, -547, -329, 348, 330, -368, -331, -388, -332, 408, -333, -428, 334, -448, -335, -468, -336, -488, -337, -508, -338, -528, -339, 548, 350, -369, -351, -389, -352, 409, -353, -429, 354, -449, -355, -469, -356, -489, -357, -509, -358, -529, 359, -549, -371, -390, -372, 410, -373, -430, 374, -450, -375, -470, -376, -490, -377, -510, -378, -530, -379, 550, -392, -411, -393, -431, -394, -451, 395, -471, 396, -491, 397, -511, -398, -531, -399, -551, -413, -432, 414, -452, -415, -472, -416, -492, -417, -512, -418, -532, 419, -552, -434, -453, -435, -473, -436, -493, -437, -513, -438, 533, -439, -553, -455, -474, -456, -494, -457, -514, -458, -534, -459, 554, 476, -495, -477, 515, -478, -535, -479, -555, -497, 516, -498, -536, -499, -556, -518, -537, -519, -557, -539, -558, -561, 562, 563, 564, -565, -566, -567, -568, -569, -570, -571, -572, 573, -574, -575, -576, -577, 578, -579, 582, -583, -584, 585, 586, 587, 588, 589, -590, 591, 592, -593, -594, 595, 596, 597, -598, -599, 603, 604, -605, -606, -607, -608, -609, -610, -611, -612, 613, -614, -615, -616, -617, 618, -619, 624, -625, -626, -627, 628, -629, 630, -631, -632, 633, -634, -635, -636, -637, 638, -639, -645, -646, -647, -648, -649, -650, -651, -652, 653, -654, -655, -656, -657, 658, -659, 666, -667, -668, -669, -670, 671, -672, -673, -674, 675, 676, 677, 678, -679, 687, -688, -689, -690, 691, -692, 693, -694, 695, 696, 697, 698, -699, 708, 709, 710, -711, 712, -713, 714, -715, -716, 717, -718, 719, 729, 730, -731, 732, 733, 734, -735, 736, 737, -738, 739, 750, -751, 752, -753, 754, -755, -756, -757, 758, 759, -771, 772, -773, 774, -775, -776, -777, -778, 779, 792, -793, -794, 795, 796, 797, -798, -799, -813, 814, -815, -816, -817, -818, 819, 834, 835, 836, 837, 838, -839, -855, 856, -857, 858, 859, 876, 877, -878, -879, 897, -898, -899, -918, -919, -939]
calculated to True in 0.0033257007598876953 seconds.

The TLP has the following configuration: 

  ----  3  ----  19  ----  1  ----  14  ----  4  ----  5  ---- 
  ----  2  ----  7  ----  6  ----  12  ----  18  ----  16  ----  17  ---- 
  ----  13  ----  8  ----  10  ----  20  ----  9  ----  11  ----  15  ---- 

------------------------
File: grafo413.20.gml with 20 Nodes and 24.0 Edges
------------
9726 Clauses were created in 0.03123307228088379 seconds.
No Solution found for 1 Tracks in 5.888938903808594e-05 seconds.


10530 Clauses were created in 0.024422407150268555 seconds.
No Solution found for 2 Tracks in 0.0005440711975097656 seconds.


11354 Clauses were created in 0.02392292022705078 seconds.
No Solution found for 3 Tracks in 0.32658982276916504 seconds.


12198 Clauses were created in 0.05316448211669922 seconds.
The Sat-Formula [-1, 2, -3, -4, -5, -6, -7, 8, -9, -10, 11, -12, -13, 14, -15, -16, 17, -18, -19, -20, -21, -22, -23, 24, 25, -26, -27, -28, -29, 30, -31, -32, -33, -34, 35, -36, 37, -38, -39, -40, 41, -42, -43, -44, -45, 46, -47, -48, -49, -50, 51, -52, -53, -54, 55, -56, 57, -58, -59, -60, -61, -62, 63, -64, 65, -66, -67, -68, -69, -70, -71, 72, -73, -74, -75, 76, -77, -78, -79, 80, -180, -201, -222, -243, -264, -285, -306, -327, -348, -369, -390, -411, -432, -453, -474, -495, -516, -537, -558, -579, -181, -200, -182, -220, 183, -240, -184, -260, -185, -280, -186, -300, -187, 320, -188, -340, -189, -360, -190, -380, -191, 400, -192, -420, -193, -440, -194, -460, -195, -480, -196, -500, -197, -520, -198, -540, -199, -560, -202, -221, -203, -241, -204, -261, -205, 281, -206, -301, -207, -321, -208, -341, -209, -361, -210, -381, -211, -401, -212, -421, -213, -441, -214, -461, -215, -481, -216, -501, 217, -521, 218, -541, -219, 561, -223, -242, -224, -262, -225, -282, -226, -302, -227, -322, -228, 342, -229, -362, -230, -382, -231, -402, -232, 422, -233, 442, -234, -462, -235, 482, -236, -502, -237, -522, -238, -542, -239, -562, -244, -263, -245, -283, -246, -303, -247, 323, -248, -343, -249, -363, -250, -383, -251, 403, -252, -423, -253, -443, -254, -463, -255, -483, -256, -503, -257, -523, -258, -543, -259, -563, -265, -284, -266, 304, -267, -324, -268, -344, 269, -364, 270, -384, -271, -404, -272, -424, -273, -444, 274, -464, -275, -484, 276, -504, -277, -524, -278, -544, -279, -564, -286, -305, -287, -325, -288, -345, -289, -365, -290, -385, -291, -405, -292, -425, -293, -445, -294, -465, -295, -485, -296, -505, 297, -525, 298, -545, -299, 565, -307, -326, -308, -346, 309, -366, 310, -386, -311, -406, -312, -426, -313, -446, 314, -466, -315, -486, 316, -506, -317, -526, -318, -546, -319, -566, -328, -347, -329, -367, -330, -387, 331, -407, -332, -427, -333, -447, -334, -467, -335, -487, -336, -507, -337, -527, -338, -547, -339, -567, -349, -368, -350, -388, -351, -408, 352, -428, 353, -448, -354, -468, -355, 488, -356, -508, -357, -528, -358, -548, -359, -568, 370, -389, -371, -409, -372, -429, -373, -449, 374, -469, -375, -489, 376, -509, -377, -529, -378, -549, -379, -569, -391, -410, -392, -430, -393, -450, 394, -470, -395, -490, 396, -510, -397, -530, -398, -550, -399, -570, -412, -431, -413, -451, -414, -471, -415, -491, -416, -511, -417, -531, -418, -551, -419, -571, -433, 452, -434, -472, -435, 492, -436, -512, -437, -532, -438, -552, -439, -572, -454, -473, -455, 493, -456, -513, -457, -533, -458, -553, -459, -573, -475, -494, 476, -514, -477, -534, -478, -554, -479, -574, -496, -515, -497, -535, -498, -555, -499, -575, -517, -536, -518, -556, -519, -576, -538, 557, -539, 577, -559, 578, -581, -582, 583, -584, 585, -586, 587, -588, 589, -590, 591, -592, -593, -594, -595, 596, -597, -598, -599, -602, -603, -604, 605, -606, -607, -608, -609, -610, -611, -612, -613, -614, -615, -616, 617, 618, 619, -623, -624, 625, -626, 627, 628, -629, -630, -631, 632, 633, -634, 635, -636, -637, -638, -639, -644, -645, -646, 647, -648, 649, -650, 651, -652, -653, -654, -655, -656, -657, -658, -659, -665, 666, 667, -668, 669, 670, -671, -672, -673, 674, 675, 676, -677, -678, -679, -686, -687, 688, -689, -690, -691, 692, 693, -694, -695, -696, 697, 698, 699, 707, -708, 709, 710, -711, -712, 713, 714, 715, 716, 717, -718, -719, 728, -729, -730, 731, 732, 733, 734, 735, 736, -737, -738, -739, -749, -750, -751, 752, 753, -754, 755, -756, -757, 758, -759, 770, 771, -772, -773, 774, 775, 776, -777, -778, -779, -791, -792, -793, 794, 795, 796, -797, -798, -799, -812, -813, 814, -815, -816, -817, -818, -819, 833, -834, 835, -836, -837, -838, -839, -854, 855, -856, 857, -858, -859, 875, 876, 877, -878, -879, 896, -897, -898, -899, -917, 918, -919, 938, 939, 959]
calculated to True in 0.0029761791229248047 seconds.

The TLP has the following configuration: 

  ----  7  ----  5  ----  10  ----  11  ----  15  ----  17  ---- 
  ----  8  ----  12  ----  1  ----  4  ---- 
  ----  16  ----  9  ----  14  ----  13  ----  3  ---- 
  ----  20  ----  6  ----  2  ----  19  ----  18  ---- 

------------------------
File: grafo1024.20.gml with 20 Nodes and 21.0 Edges
------------
9299 Clauses were created in 0.03934621810913086 seconds.
No Solution found for 1 Tracks in 7.200241088867188e-05 seconds.


10100 Clauses were created in 0.02250075340270996 seconds.
No Solution found for 2 Tracks in 0.0005362033843994141 seconds.


10921 Clauses were created in 0.02300238609313965 seconds.
The Sat-Formula [1, -2, -3, -4, 5, -6, -7, -8, 9, -10, -11, 12, -13, -14, 15, -16, 17, -18, -19, -20, 21, -22, 23, -24, -25, 26, -27, -28, 29, -30, 31, -32, -33, 34, -35, -36, 37, -38, -39, -40, -41, 42, 43, -44, -45, -46, 47, -48, -49, -50, 51, -52, -53, 54, -55, 56, -57, 58, -59, -60, -160, -181, -202, -223, -244, -265, -286, -307, -328, -349, -370, -391, -412, -433, -454, -475, -496, -517, -538, -559, -161, -180, -162, -200, -163, -220, -164, -240, -165, -260, -166, -280, -167, -300, -168, -320, -169, -340, -170, 360, 171, -380, 172, -400, -173, -420, 174, -440, -175, -460, -176, -480, -177, -500, -178, -520, 179, -540, -182, -201, -183, -221, -184, -241, 185, -261, -186, -281, 187, -301, 188, -321, -189, 341, -190, -361, -191, -381, -192, -401, -193, -421, -194, -441, -195, 461, -196, -481, -197, -501, 198, -521, -199, -541, 203, -222, 204, -242, -205, -262, 206, -282, -207, -302, -208, -322, -209, -342, -210, -362, -211, -382, -212, -402, 213, -422, -214, -442, -215, -462, 216, -482, 217, -502, -218, -522, -219, -542, 224, -243, -225, -263, 226, -283, -227, -303, -228, -323, -229, -343, -230, -363, -231, -383, -232, -403, 233, -423, -234, -443, -235, -463, 236, -483, 237, -503, -238, -523, -239, -543, -245, -264, -246, 284, -247, -304, -248, -324, -249, -344, -250, -364, -251, -384, -252, -404, -253, 424, -254, -444, -255, -464, -256, 484, -257, 504, -258, -524, -259, -544, -266, -285, -267, 305, -268, 325, -269, 345, -270, -365, -271, -385, -272, -405, -273, -425, -274, -445, -275, 465, -276, -485, -277, -505, -278, 525, -279, -545, -287, -306, -288, -326, -289, -346, -290, -366, -291, -386, -292, -406, -293, 426, -294, -446, -295, -466, -296, 486, -297, 506, -298, -526, -299, -546, 308, -327, -309, 347, -310, -367, -311, -387, -312, -407, -313, -427, -314, -447, -315, 467, -316, -487, -317, -507, -318, 527, -319, -547, -329, 348, -330, -368, -331, -388, -332, -408, -333, -428, -334, -448, -335, 468, -336, -488, -337, -508, -338, 528, -339, -548, -350, -369, -351, -389, -352, -409, -353, -429, -354, -449, 355, -469, -356, -489, -357, -509, 358, -529, -359, -549, 371, -390, 372, -410, -373, -430, 374, -450, -375, -470, -376, -490, -377, -510, -378, -530, 379, -550, -392, 411, -393, -431, -394, 451, -395, -471, -396, -491, -397, -511, -398, -531, 399, -551, -413, -432, -414, 452, -415, -472, -416, -492, -417, -512, -418, -532, 419, -552, -434, -453, -435, -473, 436, -493, -437, 513, -438, -533, -439, -553, -455, -474, -456, -494, -457, -514, -458, -534, 459, -554, -476, -495, -477, -515, 478, -535, -479, -555, -497, 516, -498, -536, -499, -556, -518, -537, -519, -557, -539, -558, 561, 562, -563, -564, 565, -566, 567, 568, -569, 570, 571, 572, -573, 574, 575, -576, 577, 578, 579, 582, -583, -584, 585, -586, 587, 588, 589, -590, 591, -592, 593, -594, 595, -596, 597, 598, 599, 603, 604, 605, 606, -607, 608, 609, 610, 611, -612, 613, -614, 615, 616, 617, 618, -619, 624, -625, 626, -627, -628, 629, 630, -631, 632, 633, -634, 635, 636, 637, -638, -639, -645, 646, 647, -648, 649, 650, 651, 652, 653, 654, -655, 656, 657, -658, 659, -666, 667, 668, 669, -670, 671, -672, -673, -674, 675, -676, 677, 678, -679, 687, 688, 689, 690, 691, -692, 693, 694, 695, 696, 697, 698, 699, 708, 709, 710, 711, 712, -713, 714, 715, -716, -717, 718, 719, 729, -730, 731, 732, 733, -734, 735, -736, 737, 738, 739, 750, 751, 752, 753, 754, 755, 756, 757, 758, 759, 771, 772, -773, 774, 775, -776, -777, -778, 779, 792, 793, 794, 795, 796, 797, 798, 799, 813, 814, -815, 816, 817, 818, 819, 834, 835, 836, 837, -838, -839, 855, 856, -857, 858, 859, 876, 877, 878, -879, 897, -898, -899, -918, -919, -939]
calculated to True in 0.009156227111816406 seconds.

The TLP has the following configuration: 

  ----  11  ----  1  ----  15  ----  13  ----  12  ----  20  ---- 
  ----  10  ----  16  ----  2  ----  19  ----  8  ----  9  ----  6  ---- 
  ----  3  ----  4  ----  18  ----  14  ----  17  ----  7  ----  5  ---- 

------------------------
File: grafo2922.20.gml with 20 Nodes and 24.0 Edges
------------
9710 Clauses were created in 0.05403017997741699 seconds.
No Solution found for 1 Tracks in 8.630752563476562e-05 seconds.


10514 Clauses were created in 0.05002450942993164 seconds.
No Solution found for 2 Tracks in 0.0010581016540527344 seconds.


11338 Clauses were created in 0.060773611068725586 seconds.
No Solution found for 3 Tracks in 0.05837440490722656 seconds.


12182 Clauses were created in 0.02497100830078125 seconds.
The Sat-Formula [-1, 2, -3, -4, -5, 6, -7, -8, -9, 10, -11, -12, -13, 14, -15, -16, -17, 18, -19, -20, -21, 22, -23, -24, -25, -26, -27, 28, -29, 30, -31, -32, -33, -34, 35, -36, 37, -38, -39, -40, 41, -42, -43, -44, -45, -46, -47, 48, -49, -50, -51, 52, 53, -54, -55, -56, 57, -58, -59, -60, 61, -62, -63, -64, 65, -66, -67, -68, 69, -70, -71, -72, -73, -74, 75, -76, -77, 78, -79, -80, -180, -201, -222, -243, -264, -285, -306, -327, -348, -369, -390, -411, -432, -453, -474, -495, -516, -537, -558, -579, -181, 200, -182, 220, -183, 240, -184, 260, -185, 280, -186, -300, -187, 320, -188, -340, -189, -360, -190, -380, -191, -400, -192, -420, -193, -440, -194, -460, -195, -480, -196, -500, -197, -520, -198, -540, -199, 560, -202, 221, -203, 241, -204, 261, -205, 281, -206, -301, -207, 321, -208, -341, -209, -361, -210, -381, -211, -401, -212, -421, -213, -441, -214, -461, -215, -481, -216, -501, -217, -521, -218, -541, 219, -561, -223, 242, 224, -262, -225, 282, -226, -302, 227, -322, -228, -342, -229, -362, -230, -382, -231, -402, -232, -422, -233, -442, -234, -462, -235, -482, -236, -502, -237, -522, -238, -542, 239, -562, 244, -263, 245, -283, -246, -303, 247, -323, -248, -343, -249, -363, -250, -383, -251, -403, -252, -423, -253, -443, -254, -463, -255, -483, -256, -503, -257, -523, -258, -543, 259, -563, -265, 284, -266, -304, -267, 324, -268, -344, -269, -364, -270, -384, -271, -404, -272, -424, -273, -444, -274, -464, -275, -484, -276, -504, -277, -524, -278, -544, 279, -564, -286, -305, 287, -325, -288, -345, -289, -365, -290, -385, -291, -405, -292, -425, -293, -445, -294, -465, -295, -485, -296, -505, -297, -525, -298, -545, 299, -565, -307, -326, -308, -346, -309, -366, -310, -386, -311, 406, 312, -426, -313, -446, -314, -466, -315, -486, -316, -506, -317, -526, -318, -546, -319, -566, -328, -347, -329, -367, -330, -387, -331, -407, -332, -427, -333, -447, -334, -467, -335, -487, -336, -507, -337, -527, -338, -547, 339, -567, -349, -368, -350, -388, -351, -408, -352, -428, -353, -448, -354, -468, -355, -488, -356, -508, -357, -528, 358, -548, -359, -568, 370, -389, -371, -409, -372, -429, 373, -449, 374, -469, 375, -489, 376, -509, 377, -529, -378, -549, -379, -569, -391, -410, -392, -430, -393, 450, -394, 470, 395, -490, 396, -510, 397, -530, -398, -550, -399, -570, 412, -431, -413, -451, -414, -471, -415, -491, -416, -511, -417, -531, -418, -551, -419, -571, -433, -452, -434, -472, -435, -492, -436, -512, -437, -532, -438, -552, -439, -572, -454, 473, 455, -493, 456, -513, 457, -533, -458, -553, -459, -573, 475, -494, 476, -514, 477, -534, -478, -554, -479, -574, 496, -515, 497, -535, -498, -555, -499, -575, 517, -536, -518, -556, -519, -576, -538, -557, -539, -577, -559, -578, 581, 582, 583, 584, 585, -586, 587, -588, -589, -590, -591, 592, -593, -594, -595, -596, -597, -598, 599, 602, 603, 604, 605, -606, 607, -608, -609, -610, -611, -612, -613, -614, -615, -616, -617, -618, 619, 623, 624, 625, -626, 627, -628, -629, -630, -631, -632, -633, -634, -635, -636, -637, -638, 639, 644, 645, -646, 647, -648, 649, -650, -651, -652, -653, -654, -655, -656, -657, -658, 659, 665, -666, 667, -668, -669, -670, -671, -672, -673, -674, -675, -676, -677, -678, 679, -686, 687, -688, 689, -690, -691, -692, -693, 694, -695, -696, -697, -698, 699, -707, -708, -709, -710, 711, 712, -713, -714, -715, -716, 717, -718, 719, -728, -729, -730, -731, -732, -733, -734, -735, -736, -737, -738, 739, -749, -750, -751, -752, -753, -754, -755, -756, -757, 758, -759, 770, -771, -772, 773, 774, 775, 776, 777, -778, -779, -791, -792, 793, 794, 795, 796, 797, -798, -799, 812, -813, -814, -815, -816, -817, -818, -819, -833, 834, -835, 836, 837, -838, 839, 854, 855, 856, 857, -858, -859, 875, 876, 877, -878, 879, 896, 897, -898, -899, 917, -918, -919, 938, 939, 959]
calculated to True in 0.0016164779663085938 seconds.

The TLP has the following configuration: 

  ----  10  ----  15  ----  14  ----  11  ----  16  ----  17  ----  18  ---- 
  ----  4  ----  6  ----  3  ----  8  ----  5  ----  2  ----  20  ----  1  ---- 
  ----  9  ----  19  ---- 
  ----  12  ----  7  ----  13  ---- 

------------------------
File: grafo1837.20.gml with 20 Nodes and 24.0 Edges
------------
9678 Clauses were created in 0.020789146423339844 seconds.
No Solution found for 1 Tracks in 6.079673767089844e-05 seconds.


10482 Clauses were created in 0.021929025650024414 seconds.
No Solution found for 2 Tracks in 0.0009212493896484375 seconds.


11306 Clauses were created in 0.03445863723754883 seconds.
No Solution found for 3 Tracks in 0.011789321899414062 seconds.


12150 Clauses were created in 0.024886131286621094 seconds.
The Sat-Formula [-1, -2, 3, -4, -5, 6, -7, -8, 9, -10, -11, -12, -13, -14, -15, 16, -17, -18, 19, -20, -21, -22, 23, -24, -25, 26, -27, -28, 29, -30, -31, -32, 33, -34, -35, -36, -37, 38, -39, -40, -41, 42, -43, -44, -45, -46, -47, 48, 49, -50, -51, -52, -53, -54, 55, -56, -57, 58, -59, -60, 61, -62, -63, -64, -65, -66, -67, 68, -69, 70, -71, -72, -73, 74, -75, -76, -77, 78, -79, -80, -180, -201, -222, -243, -264, -285, -306, -327, -348, -369, -390, -411, -432, -453, -474, -495, -516, -537, -558, -579, -181, -200, -182, -220, -183, -240, -184, 260, -185, 280, -186, -300, -187, -320, -188, -340, -189, -360, -190, -380, -191, -400, -192, -420, -193, 440, -194, -460, -195, -480, -196, -500, -197, -520, -198, -540, -199, -560, -202, -221, -203, -241, -204, -261, -205, -281, -206, 301, -207, -321, -208, -341, -209, 361, -210, 381, -211, -401, -212, -421, -213, -441, -214, 461, -215, -481, -216, -501, -217, 521, -218, 541, -219, 561, -223, -242, -224, -262, -225, -282, -226, -302, 227, -322, 228, -342, -229, -362, -230, -382, -231, -402, 232, -422, -233, -442, -234, -462, 235, -482, -236, -502, -237, -522, -238, -542, -239, -562, -244, -263, -245, -283, -246, -303, -247, -323, -248, -343, -249, -363, -250, -383, -251, 403, -252, -423, -253, -443, -254, -463, -255, -483, -256, 503, -257, -523, -258, -543, -259, -563, 265, -284, -266, -304, -267, -324, -268, -344, -269, -364, -270, -384, -271, -404, -272, -424, 273, -444, -274, -464, -275, -484, -276, -504, -277, -524, -278, -544, -279, -564, -286, -305, -287, -325, -288, -345, -289, -365, -290, -385, -291, -405, -292, -425, 293, -445, -294, -465, -295, -485, -296, -505, -297, -525, -298, -545, -299, -565, -307, -326, -308, -346, -309, 366, -310, 386, -311, -406, -312, -426, -313, -446, 314, -466, -315, -486, -316, -506, -317, 526, -318, 546, -319, 566, -328, 347, -329, -367, -330, -387, -331, -407, 332, -427, -333, -447, -334, -467, -335, 487, -336, -507, -337, -527, -338, -547, -339, -567, -349, -368, -350, -388, -351, -408, 352, -428, -353, -448, -354, -468, 355, -488, -356, -508, -357, -528, -358, -548, -359, -568, 370, -389, -371, -409, -372, -429, -373, -449, 374, -469, -375, -489, -376, -509, 377, -529, 378, -549, 379, -569, -391, -410, -392, -430, -393, -450, 394, -470, -395, -490, -396, -510, 397, -530, 398, -550, 399, -570, -412, -431, -413, -451, -414, -471, -415, -491, -416, 511, -417, -531, -418, -551, -419, -571, -433, -452, -434, -472, -435, 492, -436, -512, -437, -532, -438, -552, -439, -572, -454, -473, -455, -493, -456, -513, -457, -533, -458, -553, -459, -573, -475, -494, -476, -514, -477, 534, -478, 554, -479, 574, -496, -515, -497, -535, -498, -555, -499, -575, -517, -536, -518, -556, -519, -576, -538, 557, -539, 577, 559, -578, 581, -582, -583, 584, 585, -586, -587, -588, -589, -590, -591, -592, 593, 594, -595, -596, -597, -598, -599, -602, 603, -604, -605, 606, -607, 608, 609, 610, -611, 612, -613, 614, -615, -616, 617, 618, 619, -623, -624, -625, -626, 627, 628, 629, 630, -631, 632, -633, 634, 635, -636, 637, 638, 639, -644, -645, -646, -647, -648, -649, -650, 651, -652, -653, -654, -655, 656, -657, -658, -659, 665, -666, -667, -668, -669, -670, -671, -672, 673, -674, -675, -676, -677, -678, -679, -686, -687, 688, -689, -690, -691, -692, 693, -694, -695, -696, -697, -698, -699, -707, -708, 709, 710, -711, -712, -713, 714, -715, -716, 717, 718, 719, 728, -729, -730, -731, 732, -733, 734, 735, -736, -737, -738, -739, 749, 750, -751, 752, -753, -754, 755, -756, -757, -758, 759, 770, -771, -772, -773, 774, -775, -776, 777, 778, 779, -791, -792, -793, 794, -795, -796, 797, 798, 799, 812, -813, -814, 815, 816, -817, -818, -819, -833, -834, 835, 836, -837, -838, -839, -854, -855, -856, -857, -858, -859, -875, -876, 877, 878, 879, 896, -897, -898, -899, -917, -918, 919, 938, 939, 959]
calculated to True in 0.0015668869018554688 seconds.

The TLP has the following configuration: 

  ----  3  ----  9  ----  16  ----  8  ----  13  ---- 
  ----  10  ----  11  ----  19  ----  20  ----  18  ----  7  ----  15  ----  2  ---- 
  ----  5  ----  6  ----  14  ----  1  ---- 
  ----  17  ----  12  ----  4  ---- 

------------------------
File: grafo1716.20.gml with 20 Nodes and 23.0 Edges
------------
9533 Clauses were created in 0.02034449577331543 seconds.
No Solution found for 1 Tracks in 5.91278076171875e-05 seconds.


10336 Clauses were created in 0.02133035659790039 seconds.
No Solution found for 2 Tracks in 0.0004792213439941406 seconds.


11159 Clauses were created in 0.03477883338928223 seconds.
No Solution found for 3 Tracks in 0.09822869300842285 seconds.


12002 Clauses were created in 0.06809854507446289 seconds.
The Sat-Formula [-1, 2, -3, -4, -5, -6, 7, -8, -9, -10, 11, -12, -13, 14, -15, -16, -17, -18, -19, 20, -21, 22, -23, -24, -25, 26, -27, -28, -29, -30, -31, 32, -33, -34, -35, 36, 37, -38, -39, -40, -41, -42, 43, -44, 45, -46, -47, -48, 49, -50, -51, -52, 53, -54, -55, -56, 57, -58, -59, -60, 61, -62, -63, -64, 65, -66, -67, -68, 69, -70, -71, -72, -73, -74, 75, -76, -77, 78, -79, -80, -180, -201, -222, -243, -264, -285, -306, -327, -348, -369, -390, -411, -432, -453, -474, -495, -516, -537, -558, -579, -181, -200, -182, -220, 183, -240, -184, -260, 185, -280, 186, -300, -187, -320, -188, -340, -189, -360, -190, -380, -191, -400, -192, -420, -193, -440, -194, -460, -195, -480, -196, -500, -197, -520, -198, -540, 199, -560, -202, 221, -203, -241, -204, -261, -205, -281, -206, -301, -207, -321, -208, -341, -209, -361, 210, -381, -211, -401, -212, -421, -213, -441, -214, -461, -215, -481, -216, -501, -217, -521, -218, 541, -219, -561, -223, -242, -224, -262, -225, -282, -226, -302, -227, -322, -228, -342, -229, -362, 230, -382, -231, -402, -232, -422, -233, -442, -234, -462, -235, -482, -236, -502, -237, -522, 238, -542, -239, -562, -244, -263, -245, 283, -246, 303, -247, -323, -248, -343, -249, -363, -250, -383, -251, -403, -252, -423, -253, -443, -254, -463, -255, -483, -256, -503, -257, -523, -258, -543, -259, 563, -265, -284, -266, -304, -267, 324, -268, 344, -269, -364, -270, -384, -271, -404, -272, -424, -273, -444, -274, -464, -275, -484, -276, -504, -277, -524, -278, -544, -279, -564, 286, -305, -287, -325, -288, -345, -289, -365, -290, -385, -291, -405, -292, -425, -293, -445, -294, -465, -295, -485, -296, -505, -297, -525, -298, -545, 299, -565, -307, -326, -308, -346, -309, -366, -310, -386, -311, -406, -312, -426, -313, -446, -314, -466, -315, -486, -316, -506, -317, -526, -318, -546, -319, 566, -328, 347, -329, -367, -330, -387, -331, -407, -332, -427, -333, -447, -334, -467, -335, -487, -336, -507, -337, -527, -338, -547, -339, -567, -349, -368, -350, -388, -351, -408, -352, -428, -353, -448, -354, -468, -355, -488, -356, -508, -357, -528, -358, -548, -359, -568, -370, -389, -371, 409, -372, 429, -373, 449, -374, 469, -375, 489, -376, 509, -377, 529, -378, -549, -379, -569, -391, -410, -392, -430, -393, -450, -394, -470, -395, -490, -396, -510, -397, -530, -398, 550, -399, -570, 412, -431, 413, -451, 414, -471, 415, -491, 416, -511, 417, -531, -418, -551, -419, -571, 433, -452, 434, -472, 435, -492, 436, -512, 437, -532, -438, -552, -439, -572, 454, -473, 455, -493, 456, -513, 457, -533, -458, -553, -459, -573, -475, 494, -476, 514, -477, 534, -478, -554, -479, -574, 496, -515, 497, -535, -498, -555, -499, -575, 517, -536, -518, -556, -519, -576, -538, -557, -539, -577, -559, -578, -581, 582, 583, 584, 585, 586, 587, -588, -589, -590, -591, -592, -593, -594, -595, -596, 597, -598, 599, 602, -603, -604, -605, -606, 607, -608, -609, 610, -611, -612, -613, -614, -615, -616, 617, 618, -619, 623, -624, 625, 626, -627, -628, -629, 630, -631, -632, -633, -634, 635, -636, -637, 638, 639, -644, 645, 646, -647, -648, 649, -650, -651, -652, -653, 654, -655, -656, -657, -658, 659, -665, -666, 667, 668, -669, 670, -671, -672, -673, -674, -675, -676, -677, -678, 679, 686, -687, -688, -689, -690, -691, 692, -693, -694, -695, -696, -697, -698, 699, -707, 708, -709, -710, -711, -712, 713, -714, -715, 716, -717, -718, 719, 728, -729, -730, -731, -732, -733, -734, -735, -736, -737, -738, -739, -749, -750, -751, -752, -753, -754, -755, -756, -757, -758, 759, -770, 771, 772, 773, 774, 775, 776, 777, -778, 779, -791, -792, -793, -794, -795, -796, -797, 798, 799, 812, 813, 814, 815, 816, 817, -818, -819, 833, 834, 835, 836, 837, -838, -839, 854, 855, 856, 857, -858, 859, 875, 876, 877, -878, -879, 896, 897, -898, -899, 917, -918, 919, -938, -939, -959]
calculated to True in 0.001959562301635742 seconds.

The TLP has the following configuration: 

  ----  12  ----  13  ----  14  ----  16  ----  17  ----  18  ----  15  ----  10  ---- 
  ----  1  ----  6  ----  20  ----  7  ----  4  ---- 
  ----  3  ----  19  ----  2  ----  11  ---- 
  ----  9  ----  8  ----  5  ---- 

------------------------
File: grafo2396.20.gml with 20 Nodes and 24.0 Edges
------------
9726 Clauses were created in 0.026658296585083008 seconds.
No Solution found for 1 Tracks in 5.745887756347656e-05 seconds.


10530 Clauses were created in 0.022441387176513672 seconds.
No Solution found for 2 Tracks in 0.0006070137023925781 seconds.


11354 Clauses were created in 0.023360490798950195 seconds.
The Sat-Formula [-1, 2, -3, -4, -5, 6, 7, -8, -9, -10, -11, 12, 13, -14, -15, -16, -17, 18, 19, -20, -21, -22, 23, -24, -25, 26, -27, 28, -29, -30, -31, 32, -33, -34, -35, 36, -37, 38, -39, -40, -41, 42, -43, -44, 45, 46, -47, -48, 49, -50, -51, 52, -53, -54, -55, 56, -57, -58, -59, 60, -160, -181, -202, -223, -244, -265, -286, -307, -328, -349, -370, -391, -412, -433, -454, -475, -496, -517, -538, -559, -161, -180, -162, -200, -163, -220, -164, -240, -165, -260, -166, -280, -167, 300, -168, 320, -169, -340, -170, 360, -171, -380, -172, 400, -173, -420, -174, -440, -175, -460, -176, -480, -177, -500, -178, 520, -179, -540, -182, -201, 183, -221, -184, -241, -185, 261, -186, -281, -187, -301, -188, -321, -189, -341, -190, -361, 191, -381, -192, -401, 193, -421, 194, -441, -195, -461, -196, -481, -197, -501, -198, -521, 199, -541, -203, -222, -204, 242, -205, -262, -206, 282, -207, -302, -208, -322, -209, 342, -210, -362, -211, -382, -212, -402, -213, -422, -214, -442, -215, 462, 216, -482, -217, 502, -218, -522, -219, -542, -224, -243, -225, 263, -226, -283, -227, -303, -228, -323, -229, -343, -230, -363, 231, -383, -232, -403, 233, -423, 234, -443, -235, -463, -236, -483, -237, -503, -238, -523, 239, -543, -245, -264, 246, -284, -247, -304, -248, -324, -249, 344, -250, -364, -251, -384, -252, -404, -253, -424, -254, -444, -255, 464, 256, -484, -257, 504, -258, -524, -259, -544, -266, -285, -267, -305, -268, -325, -269, -345, -270, -365, 271, -385, -272, -405, 273, -425, 274, -445, -275, -465, -276, -485, -277, -505, -278, -525, 279, -545, -287, -306, -288, -326, -289, 346, -290, -366, -291, -386, -292, -406, -293, -426, -294, -446, -295, 466, 296, -486, -297, 506, -298, -526, -299, -546, 308, -327, -309, -347, 310, -367, -311, -387, -312, 407, -313, -427, -314, -447, -315, -467, -316, -487, -317, -507, 318, -527, -319, -547, -329, -348, 330, -368, -331, -388, -332, 408, -333, -428, -334, -448, -335, -468, -336, -488, -337, -508, 338, -528, -339, -548, -350, -369, -351, -389, -352, -409, -353, -429, -354, -449, 355, -469, 356, -489, -357, 509, -358, -529, -359, -549, -371, -390, -372, 410, -373, -430, -374, -450, -375, -470, -376, -490, -377, -510, 378, -530, -379, -550, -392, -411, 393, -431, -394, 451, -395, -471, -396, -491, -397, -511, -398, -531, 399, -551, -413, -432, -414, -452, -415, -472, -416, -492, -417, -512, 418, -532, -419, -552, -434, 453, -435, -473, -436, -493, -437, -513, -438, -533, -439, 553, -455, -474, -456, -494, -457, -514, -458, -534, 459, -554, 476, -495, -477, 515, -478, -535, -479, -555, -497, 516, -498, -536, -499, -556, -518, -537, -519, -557, -539, -558, 561, -562, 563, 564, 565, -566, 567, 568, 569, 570, 571, 572, 573, 574, -575, 576, -577, 578, 579, 582, 583, -584, 585, -586, 587, -588, 589, -590, 591, -592, 593, 594, 595, 596, 597, 598, 599, 603, 604, 605, 606, -607, -608, 609, -610, 611, -612, 613, 614, 615, 616, 617, -618, 619, -624, 625, -626, 627, -628, -629, -630, 631, 632, 633, 634, -635, 636, 637, -638, 639, -645, 646, 647, -648, 649, 650, -651, 652, -653, -654, 655, 656, 657, 658, -659, -666, 667, -668, -669, 670, 671, -672, 673, 674, -675, -676, 677, 678, 679, -687, -688, 689, -690, -691, -692, 693, -694, 695, 696, 697, -698, -699, 708, -709, 710, 711, 712, 713, 714, -715, -716, -717, 718, 719, 729, 730, -731, 732, -733, -734, 735, 736, 737, 738, -739, 750, 751, -752, -753, -754, 755, 756, 757, 758, -759, 771, 772, -773, -774, 775, 776, 777, 778, -779, 792, 793, 794, -795, 796, -797, 798, 799, 813, 814, 815, 816, 817, 818, 819, 834, -835, -836, -837, -838, 839, 855, 856, 857, 858, 859, 876, 877, -878, -879, 897, -898, -899, -918, -919, -939]
calculated to True in 0.00443577766418457 seconds.

The TLP has the following configuration: 

  ----  18  ----  10  ----  16  ----  5  ----  7  ----  3  ----  17  ---- 
  ----  13  ----  8  ----  9  ----  11  ----  19  ----  1  ---- 
  ----  6  ----  2  ----  4  ----  15  ----  12  ----  20  ----  14  ---- 

------------------------
File: grafo1901.20.gml with 20 Nodes and 26.0 Edges
------------
9888 Clauses were created in 0.03240847587585449 seconds.
No Solution found for 1 Tracks in 6.556510925292969e-05 seconds.


10694 Clauses were created in 0.024236679077148438 seconds.
No Solution found for 2 Tracks in 0.00048089027404785156 seconds.


11520 Clauses were created in 0.02403545379638672 seconds.
No Solution found for 3 Tracks in 0.004546165466308594 seconds.


12366 Clauses were created in 0.026751041412353516 seconds.
The Sat-Formula [-1, 2, -3, -4, 5, -6, -7, -8, 9, -10, -11, -12, -13, 14, -15, -16, -17, -18, 19, -20, -21, -22, -23, 24, -25, 26, -27, -28, 29, -30, -31, -32, -33, -34, -35, 36, 37, -38, -39, -40, 41, -42, -43, -44, -45, -46, -47, 48, -49, -50, -51, 52, 53, -54, -55, -56, -57, -58, 59, -60, 61, -62, -63, -64, 65, -66, -67, -68, 69, -70, -71, -72, -73, 74, -75, -76, -77, 78, -79, -80, -180, -201, -222, -243, -264, -285, -306, -327, -348, -369, -390, -411, -432, -453, -474, -495, -516, -537, -558, -579, -181, -200, -182, -220, 183, -240, -184, -260, -185, -280, -186, 300, -187, -320, -188, -340, -189, -360, -190, -380, -191, -400, -192, -420, -193, -440, -194, -460, -195, -480, -196, -500, -197, -520, -198, 540, -199, 560, 202, -221, -203, -241, -204, -261, -205, -281, -206, -301, 207, -321, -208, -341, 209, -361, 210, -381, -211, -401, -212, -421, 213, -441, -214, -461, 215, -481, 216, -501, 217, -521, -218, -541, -219, -561, -223, -242, -224, -262, -225, -282, -226, -302, 227, -322, -228, -342, 229, -362, 230, -382, -231, -402, -232, -422, 233, -442, -234, -462, 235, -482, 236, -502, 237, -522, -238, -542, -239, -562, -244, -263, -245, -283, -246, 303, -247, -323, -248, -343, -249, -363, -250, -383, -251, -403, -252, -423, -253, -443, -254, -463, -255, -483, -256, -503, -257, -523, -258, 543, -259, 563, -265, -284, -266, -304, -267, -324, -268, -344, -269, -364, -270, -384, -271, -404, -272, -424, -273, -444, -274, 464, -275, -484, -276, -504, -277, -524, -278, -544, -279, -564, -286, -305, -287, -325, 288, -345, -289, -365, -290, -385, 291, -405, -292, 425, -293, -445, -294, -465, -295, -485, -296, -505, -297, -525, -298, -545, -299, -565, -307, -326, -308, -346, -309, -366, -310, -386, -311, -406, -312, -426, -313, -446, -314, -466, -315, -486, -316, -506, -317, -526, -318, 546, 319, -566, -328, -347, 329, -367, 330, -387, -331, -407, -332, -427, 333, -447, -334, -467, -335, 487, 336, -507, 337, -527, -338, -547, -339, -567, -349, -368, -350, -388, -351, 408, -352, 428, -353, -448, -354, -468, -355, -488, -356, -508, -357, -528, -358, -548, -359, -568, -370, 389, -371, -409, -372, -429, 373, -449, -374, -469, -375, 489, -376, 509, -377, 529, -378, -549, -379, -569, -391, -410, -392, -430, 393, -450, -394, -470, -395, 490, 396, -510, 397, -530, -398, -550, -399, -570, -412, 431, -413, -451, -414, -471, -415, -491, -416, -511, -417, -531, -418, -551, -419, -571, -433, -452, -434, -472, -435, -492, -436, -512, -437, -532, -438, -552, -439, -572, -454, -473, -455, 493, -456, 513, -457, 533, -458, -553, -459, -573, -475, -494, -476, -514, -477, -534, -478, -554, -479, -574, 496, -515, 497, -535, -498, -555, -499, -575, 517, -536, -518, -556, -519, -576, -538, -557, -539, -577, 559, -578, -581, -582, 583, 584, -585, 586, -587, -588, -589, -590, -591, -592, -593, -594, -595, -596, -597, 598, 599, 602, 603, 604, -605, 606, 607, -608, 609, 610, -611, -612, 613, 614, 615, 616, 617, -618, -619, 623, 624, -625, 626, 627, -628, 629, 630, -631, -632, 633, 634, 635, 636, 637, -638, -639, 644, -645, 646, -647, -648, -649, -650, -651, -652, 653, -654, 655, -656, -657, 658, 659, -665, -666, -667, -668, -669, -670, -671, -672, 673, 674, 675, -676, -677, -678, -679, -686, -687, 688, -689, -690, 691, 692, -693, -694, -695, -696, -697, -698, -699, -707, -708, -709, -710, -711, -712, -713, -714, -715, 716, -717, 718, 719, -728, 729, 730, -731, -732, 733, -734, 735, 736, 737, -738, -739, -749, -750, 751, 752, -753, -754, -755, -756, 757, -758, -759, 770, -771, -772, 773, -774, 775, 776, 777, -778, -779, 791, -792, 793, -794, 795, 796, 797, 798, -799, 812, -813, -814, -815, -816, 817, -818, -819, -833, -834, 835, -836, -837, -838, -839, -854, 855, 856, 857, -858, -859, -875, -876, -877, -878, -879, 896, 897, 898, -899, 917, -918, -919, -938, -939, 959]
calculated to True in 0.0013742446899414062 seconds.

The TLP has the following configuration: 

  ----  2  ----  3  ----  16  ----  8  ----  11  ----  17  ----  18  ----  10  ----  14  ---- 
  ----  19  ----  7  ----  20  ----  1  ----  4  ---- 
  ----  15  ----  5  ---- 
  ----  13  ----  6  ----  12  ----  9  ---- 

------------------------
File: grafo874.20.gml with 20 Nodes and 25.0 Edges
------------
9863 Clauses were created in 0.03180551528930664 seconds.
No Solution found for 1 Tracks in 6.222724914550781e-05 seconds.


10668 Clauses were created in 0.022853851318359375 seconds.
No Solution found for 2 Tracks in 0.0004780292510986328 seconds.


11493 Clauses were created in 0.02423834800720215 seconds.
No Solution found for 3 Tracks in 0.005042076110839844 seconds.


12338 Clauses were created in 0.0278167724609375 seconds.
The Sat-Formula [1, -2, -3, -4, -5, 6, -7, -8, -9, -10, -11, 12, -13, -14, -15, 16, -17, -18, -19, 20, -21, -22, -23, 24, -25, -26, -27, 28, -29, 30, -31, -32, -33, -34, -35, 36, 37, -38, -39, -40, 41, -42, -43, -44, 45, -46, -47, -48, -49, 50, -51, -52, -53, 54, -55, -56, -57, -58, 59, -60, -61, -62, 63, -64, 65, -66, -67, -68, 69, -70, -71, -72, -73, -74, 75, -76, -77, 78, -79, -80, -180, -201, -222, -243, -264, -285, -306, -327, -348, -369, -390, -411, -432, -453, -474, -495, -516, -537, -558, -579, -181, -200, -182, -220, -183, -240, -184, -260, -185, -280, -186, -300, -187, -320, -188, -340, 189, -360, 190, -380, -191, 400, -192, -420, -193, -440, -194, -460, -195, -480, 196, -500, -197, 520, -198, -540, -199, -560, -202, -221, -203, -241, -204, -261, -205, -281, -206, -301, 207, -321, -208, -341, -209, -361, -210, -381, -211, -401, 212, -421, 213, -441, -214, -461, -215, -481, -216, -501, -217, -521, -218, -541, -219, 561, -223, 242, -224, 262, -225, 282, -226, 302, -227, -322, -228, 342, -229, -362, -230, -382, -231, -402, -232, -422, -233, -442, -234, -462, -235, -482, -236, -502, -237, -522, -238, -542, -239, -562, -244, 263, -245, 283, 246, -303, -247, -323, -248, 343, -249, -363, -250, -383, -251, -403, -252, -423, -253, -443, -254, -463, -255, -483, -256, -503, -257, -523, -258, -543, -259, -563, 265, -284, 266, -304, -267, -324, 268, -344, -269, -364, -270, -384, -271, -404, -272, -424, -273, -444, -274, -464, -275, -484, -276, -504, -277, -524, -278, -544, -279, -564, 286, -305, -287, -325, 288, -345, -289, -365, -290, -385, -291, -405, -292, -425, -293, -445, -294, -465, -295, -485, -296, -505, -297, -525, -298, -545, -299, -565, -307, -326, -308, 346, -309, -366, -310, -386, -311, -406, -312, -426, -313, -446, -314, -466, -315, -486, -316, -506, -317, -526, -318, -546, -319, -566, -328, -347, -329, -367, -330, -387, -331, -407, -332, 427, 333, -447, -334, -467, -335, -487, -336, -507, -337, -527, -338, -547, -339, 567, -349, -368, -350, -388, -351, -408, -352, -428, -353, -448, -354, -468, -355, -488, -356, -508, -357, -528, -358, -548, -359, -568, 370, -389, -371, 409, -372, -429, -373, -449, -374, -469, -375, -489, -376, 509, -377, 529, -378, -549, -379, -569, -391, 410, -392, -430, -393, -450, -394, -470, -395, -490, -396, 510, -397, 530, -398, -550, -399, -570, -412, -431, -413, -451, -414, -471, -415, -491, 416, -511, 417, -531, -418, -551, -419, -571, 433, -452, -434, -472, -435, -492, -436, -512, -437, -532, -438, -552, -439, 572, -454, -473, -455, -493, -456, -513, -457, -533, -458, -553, -459, 573, 475, -494, -476, -514, -477, -534, 478, -554, -479, -574, -496, -515, -497, -535, 498, -555, -499, -575, -517, 536, -518, -556, -519, -576, -538, -557, -539, -577, -559, -578, 581, -582, 583, -584, -585, 586, -587, -588, 589, 590, 591, -592, 593, -594, -595, 596, 597, -598, -599, 602, 603, -604, -605, -606, 607, -608, -609, -610, 611, 612, 613, -614, -615, -616, -617, -618, 619, 623, 624, 625, 626, 627, 628, 629, -630, 631, -632, 633, -634, -635, -636, -637, 638, -639, 644, 645, 646, 647, 648, -649, 650, 651, -652, -653, -654, -655, 656, 657, -658, -659, 665, 666, 667, 668, -669, -670, 671, -672, -673, -674, -675, -676, -677, -678, -679, 686, 687, 688, -689, -690, -691, -692, 693, -694, 695, -696, -697, -698, -699, 707, 708, -709, -710, -711, -712, 713, 714, -715, 716, 717, 718, -719, 728, -729, -730, -731, 732, 733, 734, -735, -736, -737, 738, 739, -749, -750, -751, -752, 753, 754, 755, -756, -757, 758, -759, 770, 771, -772, 773, -774, -775, 776, 777, 778, -779, 791, -792, 793, -794, -795, 796, 797, -798, -799, -812, 813, -814, -815, 816, 817, -818, -819, 833, -834, 835, -836, -837, -838, 839, 854, -855, 856, 857, 858, 859, 875, -876, -877, 878, -879, -896, -897, 898, 899, 917, -918, -919, -938, -939, -959]
calculated to True in 0.0021741390228271484 seconds.

The TLP has the following configuration: 

  ----  12  ----  18  ----  1  ----  17  ----  10  ----  11  ---- 
  ----  20  ----  2  ----  13  ----  8  ----  14  ---- 
  ----  15  ----  16  ----  19  ---- 
  ----  5  ----  6  ----  9  ----  4  ----  7  ----  3  ---- 

------------------------
