File: grafo176.30.gml with 30 Nodes and 35.0 Edges
------------
26195 Clauses were created in 0.09060239791870117 seconds.
No Solution found for 1 Tracks in 0.000110626220703125 seconds.


31677 Clauses were created in 0.13252711296081543 seconds.
No Solution found for 2 Tracks in 0.004165172576904297 seconds.


41301 Clauses were created in 0.17173266410827637 seconds.
The Sat-Formula [-1, 2, -3, -4, -5, 6, 7, -8, -9, 10, -11, -12, -13, 14, -15, -16, 17, -18, 19, -20, -21, -22, -23, 24, 25, -26, -27, 28, -29, -30, -31, 32, -33, -34, 35, -36, 37, -38, -39, 40, -41, -42, -43, 44, -45, -46, 47, -48, -49, -50, 51, -52, 53, -54, -55, -56, 57, 58, -59, -60, 61, -62, -63, 64, -65, -66, -67, 68, -69, -70, 71, -72, -73, 74, -75, 76, -77, -78, 79, -80, -81, -82, 83, -84, -85, 86, -87, -88, -89, 90, -190, -221, -252, -283, -314, -345, -376, -407, -438, -469, -500, -531, -562, -593, -624, -655, -686, -717, -748, -779, -810, -841, -872, -903, -934, -965, -996, -1027, -1058, -1089, -191, -220, -192, -250, -193, -280, 194, -310, 195, -340, -196, -370, -197, -400, -198, -430, -199, -460, -200, 490, 201, -520, -202, -550, -203, -580, -204, 610, 205, -640, -206, -670, 207, -700, -208, -730, -209, -760, -210, -790, -211, -820, 212, -850, 213, -880, 214, -910, -215, -940, -216, -970, 217, -1000, 218, -1030, -219, -1060, -222, -251, -223, -281, -224, -311, -225, -341, -226, -371, -227, 401, -228, -431, -229, -461, -230, -491, -231, -521, -232, -551, -233, -581, -234, -611, -235, -641, 236, -671, -237, -701, 238, -731, -239, -761, -240, -791, -241, -821, -242, -851, -243, -881, -244, -911, -245, -941, -246, -971, -247, -1001, -248, -1031, -249, 1061, 253, -282, -254, -312, -255, -342, 256, -372, -257, -402, 258, -432, 259, -462, -260, -492, -261, -522, 262, -552, 263, -582, -264, -612, -265, -642, -266, -672, -267, -702, -268, -732, 269, -762, 270, -792, 271, -822, -272, -852, -273, -882, -274, -912, 275, -942, 276, -972, -277, -1002, -278, -1032, -279, -1062, -284, -313, -285, -343, -286, 373, -287, -403, -288, 433, 289, -463, -290, -493, -291, -523, -292, 553, -293, 583, -294, -613, -295, -643, -296, -673, -297, -703, -298, -733, 299, -763, -300, 793, 301, -823, -302, -853, -303, -883, -304, -913, 305, -943, -306, 973, -307, -1003, -308, -1033, -309, -1063, -315, 344, -316, -374, -317, -404, -318, -434, -319, -464, -320, 494, -321, 524, -322, -554, -323, -584, -324, 614, -325, 644, -326, -674, -327, 704, -328, -734, -329, -764, -330, -794, -331, -824, -332, 854, -333, 884, -334, 914, -335, -944, -336, -974, -337, 1004, -338, 1034, -339, -1064, -346, -375, -347, -405, -348, -435, -349, -465, -350, 495, 351, -525, -352, -555, -353, -585, -354, 615, -355, 645, -356, -675, 357, -705, -358, -735, -359, -765, -360, -795, -361, -825, 362, -855, 363, -885, 364, -915, -365, -945, -366, -975, 367, -1005, 368, -1035, -369, -1065, -377, -406, 378, -436, 379, -466, -380, -496, -381, -526, 382, -556, -383, 586, -384, -616, -385, -646, -386, -676, -387, -706, -388, -736, 389, -766, -390, 796, 391, -826, -392, -856, -393, -886, -394, -916, 395, -946, -396, 976, -397, -1006, -398, -1036, -399, -1066, -408, -437, -409, -467, -410, -497, -411, -527, -412, -557, -413, -587, -414, -617, -415, -647, 416, -677, -417, -707, 418, -737, -419, -767, -420, -797, -421, -827, -422, -857, -423, -887, -424, -917, -425, -947, -426, -977, -427, -1007, -428, -1037, -429, 1067, 439, -468, -440, -498, -441, -528, 442, -558, -443, 588, -444, -618, -445, -648, -446, -678, -447, -708, -448, -738, 449, -768, -450, 798, 451, -828, -452, -858, -453, -888, -454, -918, 455, -948, -456, 978, -457, -1008, -458, -1038, -459, -1068, -470, -499, -471, -529, -472, 559, -473, 589, -474, -619, -475, -649, -476, -679, -477, -709, -478, -739, -479, 769, -480, 799, -481, 829, -482, -859, -483, -889, -484, -919, -485, 949, -486, 979, -487, -1009, -488, -1039, -489, -1069, 501, -530, -502, -560, -503, -590, 504, -620, 505, -650, -506, -680, 507, -710, -508, -740, -509, -770, -510, -800, -511, -830, 512, -860, 513, -890, 514, -920, -515, -950, -516, -980, 517, -1010, 518, -1040, -519, -1070, -532, -561, -533, -591, -534, 621, -535, 651, -536, -681, -537, 711, -538, -741, -539, -771, -540, -801, -541, -831, 542, -861, -543, 891, -544, 921, -545, -951, -546, -981, -547, 1011, 548, -1041, -549, -1071, -563, 592, -564, -622, -565, -652, -566, -682, -567, -712, -568, -742, 569, -772, -570, 802, 571, -832, -572, -862, -573, -892, -574, -922, 575, -952, -576, 982, -577, -1012, -578, -1042, -579, -1072, -594, -623, -595, -653, -596, -683, -597, -713, -598, -743, 599, -773, 600, -803, 601, -833, -602, -863, -603, -893, -604, -923, 605, -953, 606, -983, -607, -1013, -608, -1043, -609, -1073, 625, -654, -626, -684, 627, -714, -628, -744, -629, -774, -630, -804, -631, -834, 632, -864, 633, -894, 634, -924, -635, -954, -636, -984, 637, -1014, 638, -1044, -639, -1074, -656, -685, 657, -715, -658, -745, -659, -775, -660, -805, -661, -835, 662, -865, 663, -895, 664, -925, -665, -955, -666, -985, 667, -1015, 668, -1045, -669, -1075, -687, -716, 688, -746, -689, -776, -690, -806, -691, -836, -692, -866, -693, -896, -694, -926, -695, -956, -696, -986, -697, -1016, -698, -1046, -699, 1076, -718, -747, -719, -777, -720, -807, -721, -837, 722, -867, 723, -897, 724, -927, -725, -957, -726, -987, -727, 1017, 728, -1047, -729, -1077, -749, -778, -750, -808, -751, -838, -752, -868, -753, -898, -754, -928, -755, -958, -756, -988, -757, -1018, -758, -1048, -759, 1078, -780, 809, 781, -839, -782, -869, -783, -899, -784, -929, -785, 959, -786, 989, -787, -1019, -788, -1049, -789, -1079, 811, -840, -812, -870, -813, -900, -814, -930, 815, -960, -816, 990, -817, -1020, -818, -1050, -819, -1080, -842, -871, -843, -901, -844, -931, -845, 961, -846, 991, -847, -1021, -848, -1051, -849, -1081, -873, 902, -874, 932, -875, -962, -876, -992, -877, 1022, 878, -1052, -879, -1082, -904, 933, -905, -963, -906, -993, -907, 1023, 908, -1053, -909, -1083, -935, -964, -936, -994, -937, 1024, 938, -1054, -939, -1084, -966, 995, -967, -1025, -968, -1055, -969, -1085, -997, -1026, -998, -1056, -999, -1086, 1028, -1057, -1029, -1087, -1059, -1088]
calculated to True in 0.010788202285766602 seconds.

The TLP has the following configuration: 

  ----  3  ----  14  ----  27  ----  21  ----  7  ----  9  ----  13  ----  4  ----  26  ----  20  ----  22  ----  10  ---- 
  ----  11  ----  15  ----  1  ----  16  ----  6  ----  28  ----  18  ----  25  ----  24  ----  12  ----  23  ----  29  ----  5  ---- 
  ----  30  ----  8  ----  2  ----  17  ----  19  ---- 

------------------------
File: grafo358.30.gml with 30 Nodes and 39.0 Edges
------------
26199 Clauses were created in 0.05347037315368652 seconds.
No Solution found for 1 Tracks in 7.605552673339844e-05 seconds.


32797 Clauses were created in 0.07907652854919434 seconds.
No Solution found for 2 Tracks in 0.0007569789886474609 seconds.


44649 Clauses were created in 0.11623859405517578 seconds.
No Solution found for 3 Tracks in 0.04680156707763672 seconds.


61755 Clauses were created in 0.2173149585723877 seconds.
The Sat-Formula [-1, -2, 3, -4, -5, -6, 7, -8, 9, -10, -11, -12, 13, -14, -15, -16, -17, 18, -19, -20, 21, -22, -23, -24, -25, -26, 27, -28, 29, -30, -31, -32, -33, -34, -35, 36, -37, 38, -39, -40, -41, 42, -43, -44, -45, -46, 47, -48, -49, 50, -51, -52, 53, -54, -55, -56, -57, -58, -59, 60, 61, -62, -63, -64, -65, -66, -67, 68, -69, -70, 71, -72, -73, 74, -75, -76, 77, -78, -79, -80, -81, 82, -83, -84, 85, -86, -87, -88, -89, -90, 91, -92, 93, -94, -95, -96, -97, 98, -99, -100, -101, 102, -103, -104, -105, 106, -107, -108, -109, -110, -111, 112, -113, -114, -115, 116, -117, -118, 119, -120, -220, -251, -282, -313, -344, -375, -406, -437, -468, -499, -530, -561, -592, -623, -654, -685, -716, -747, -778, -809, -840, -871, -902, -933, -964, -995, -1026, -1057, -1088, -1119, -221, 250, -222, -280, -223, -310, -224, -340, -225, -370, -226, 400, -227, -430, -228, -460, -229, -490, -230, -520, -231, 550, -232, -580, -233, -610, -234, -640, -235, -670, -236, -700, -237, 730, -238, -760, -239, -790, -240, -820, -241, -850, -242, 880, -243, -910, -244, -940, -245, -970, -246, -1000, -247, -1030, -248, -1060, -249, 1090, -252, -281, -253, -311, -254, -341, -255, -371, -256, 401, -257, -431, -258, -461, -259, -491, -260, -521, -261, 551, -262, -581, -263, -611, -264, -641, -265, -671, -266, -701, -267, 731, -268, -761, -269, -791, -270, -821, -271, -851, -272, 881, -273, -911, -274, -941, -275, -971, -276, -1001, -277, -1031, -278, -1061, -279, 1091, 283, -312, -284, -342, -285, 372, -286, -402, 287, -432, -288, -462, -289, -492, -290, -522, -291, -552, -292, -582, 293, -612, -294, -642, -295, 672, -296, -702, -297, -732, -298, -762, 299, -792, -300, -822, 301, -852, -302, -882, 303, -912, -304, -942, -305, -972, -306, -1002, -307, -1032, -308, -1062, -309, -1092, -314, -343, -315, 373, -316, -403, 317, -433, -318, -463, -319, -493, -320, -523, -321, -553, -322, -583, 323, -613, -324, -643, -325, 673, -326, -703, -327, -733, -328, -763, -329, 793, -330, -823, 331, -853, -332, -883, 333, -913, -334, -943, -335, -973, -336, -1003, -337, -1033, -338, -1063, -339, -1093, -345, -374, -346, -404, -347, -434, -348, -464, 349, -494, 350, -524, -351, -554, 352, -584, -353, -614, -354, -644, -355, -674, -356, -704, -357, -734, -358, 764, -359, -794, 360, -824, -361, -854, -362, -884, -363, -914, -364, 944, 365, -974, 366, -1004, -367, -1034, -368, -1064, -369, -1094, -376, -405, 377, -435, -378, -465, -379, -495, -380, -525, -381, -555, -382, -585, 383, -615, -384, -645, 385, -675, -386, -705, -387, -735, -388, -765, 389, -795, -390, -825, 391, -855, -392, -885, 393, -915, -394, -945, -395, -975, -396, -1005, -397, -1035, -398, -1065, -399, -1095, -407, -436, -408, -466, -409, -496, -410, -526, -411, 556, -412, -586, -413, -616, -414, -646, -415, -676, -416, -706, -417, 736, -418, -766, -419, -796, -420, -826, -421, -856, -422, 886, -423, -916, -424, -946, -425, -976, -426, -1006, -427, -1036, -428, -1066, -429, 1096, -438, -467, -439, -497, -440, -527, -441, -557, -442, -587, 443, -617, -444, -647, -445, 677, -446, -707, -447, -737, -448, -767, -449, 797, -450, -827, 451, -857, -452, -887, 453, -917, -454, -947, -455, -977, -456, -1007, -457, -1037, -458, -1067, -459, -1097, -469, -498, -470, -528, -471, -558, -472, -588, -473, -618, -474, 648, -475, -678, -476, 708, -477, -738, -478, -768, -479, -798, -480, -828, -481, -858, -482, -888, -483, -918, -484, -948, -485, -978, -486, -1008, -487, 1038, -488, 1068, -489, -1098, -500, 529, -501, -559, -502, 589, -503, -619, -504, -649, -505, -679, -506, -709, -507, -739, -508, 769, -509, -799, 510, -829, -511, -859, -512, -889, -513, -919, -514, 949, 515, -979, -516, 1009, -517, -1039, -518, -1069, -519, -1099, -531, -560, 532, -590, -533, -620, -534, -650, -535, -680, -536, -710, -537, -740, -538, 770, -539, -800, 540, -830, -541, -860, -542, -890, -543, -920, -544, 950, 545, -980, -546, 1010, -547, -1040, -548, -1070, -549, -1100, -562, -591, -563, -621, -564, -651, -565, -681, -566, -711, 567, -741, -568, -771, -569, -801, -570, -831, -571, -861, -572, 891, -573, -921, -574, -951, -575, -981, -576, -1011, -577, -1041, -578, -1071, -579, 1101, -593, -622, -594, -652, -595, -682, -596, -712, -597, -742, -598, 772, -599, -802, 600, -832, -601, -862, -602, -892, -603, -922, -604, 952, 605, -982, -606, 1012, -607, -1042, -608, -1072, -609, -1102, -624, -653, -625, 683, -626, -713, -627, -743, -628, -773, -629, 803, -630, -833, 631, -863, -632, -893, 633, -923, -634, -953, -635, -983, -636, -1013, -637, -1043, -638, -1073, -639, -1103, -655, -684, 656, -714, -657, -744, -658, -774, -659, -804, -660, -834, -661, -864, -662, -894, -663, -924, -664, -954, -665, -984, -666, -1014, -667, 1044, -668, 1074, -669, -1104, -686, -715, -687, -745, -688, -775, 689, -805, -690, -835, 691, -865, -692, -895, 693, -925, -694, -955, -695, -985, -696, -1015, -697, -1045, -698, -1075, -699, -1105, -717, -746, -718, -776, -719, -806, -720, -836, -721, -866, -722, -896, -723, -926, -724, -956, -725, -986, -726, -1016, -727, 1046, -728, 1076, -729, -1106, -748, -777, -749, -807, -750, -837, -751, -867, -752, 897, -753, -927, -754, -957, -755, -987, -756, -1017, -757, -1047, -758, -1077, -759, 1107, -779, -808, 780, -838, -781, -868, -782, -898, -783, -928, 784, -958, 785, -988, 786, -1018, -787, -1048, -788, -1078, -789, -1108, -810, -839, 811, -869, -812, -899, 813, -929, -814, -959, -815, -989, -816, -1019, -817, -1049, -818, -1079, -819, -1109, -841, -870, -842, -900, -843, -930, -844, 960, 845, -990, -846, 1020, -847, -1050, -848, -1080, -849, -1110, -872, -901, 873, -931, -874, -961, -875, -991, -876, -1021, -877, -1051, -878, -1081, -879, -1111, -903, -932, -904, -962, -905, -992, -906, -1022, -907, -1052, -908, -1082, -909, 1112, -934, -963, -935, -993, -936, -1023, -937, -1053, -938, -1083, -939, -1113, 965, -994, 966, -1024, -967, -1054, -968, -1084, -969, -1114, -996, 1025, -997, -1055, -998, -1085, -999, -1115, -1027, -1056, -1028, -1086, -1029, -1116, 1058, -1087, -1059, -1117, -1089, -1118]
calculated to True in 0.005357503890991211 seconds.

The TLP has the following configuration: 

  ----  6  ----  16  ----  3  ----  20  ----  4  ----  8  ----  14  ----  22  ----  24  ---- 
  ----  19  ----  25  ----  5  ----  27  ----  11  ----  13  ----  10  ----  21  ----  26  ---- 
  ----  30  ----  23  ----  12  ----  18  ----  7  ----  2  ----  1  ---- 
  ----  28  ----  29  ----  15  ----  17  ----  9  ---- 

------------------------
File: grafo1246.30.gml with 30 Nodes and 36.0 Edges
------------
26196 Clauses were created in 0.05606341361999512 seconds.
No Solution found for 1 Tracks in 9.107589721679688e-05 seconds.


32079 Clauses were created in 0.11452460289001465 seconds.
No Solution found for 2 Tracks in 0.001535654067993164 seconds.


42504 Clauses were created in 0.11219906806945801 seconds.
No Solution found for 3 Tracks in 0.28004026412963867 seconds.


57471 Clauses were created in 0.158372163772583 seconds.
The Sat-Formula [-1, -2, -3, 4, -5, -6, 7, -8, -9, -10, 11, -12, 13, -14, -15, -16, -17, -18, 19, -20, 21, -22, -23, -24, -25, 26, -27, -28, -29, -30, 31, -32, 33, -34, -35, -36, 37, -38, -39, -40, 41, -42, -43, -44, 45, -46, -47, -48, -49, -50, -51, 52, -53, 54, -55, -56, 57, -58, -59, -60, 61, -62, -63, -64, -65, 66, -67, -68, 69, -70, -71, -72, -73, 74, -75, -76, -77, -78, -79, 80, -81, 82, -83, -84, -85, -86, 87, -88, -89, -90, 91, -92, -93, -94, -95, 96, 97, -98, -99, -100, -101, 102, -103, -104, -105, -106, -107, 108, -109, -110, 111, -112, -113, -114, -115, 116, -117, -118, 119, -120, -220, -251, -282, -313, -344, -375, -406, -437, -468, -499, -530, -561, -592, -623, -654, -685, -716, -747, -778, -809, -840, -871, -902, -933, -964, -995, -1026, -1057, -1088, -1119, -221, -250, -222, -280, -223, -310, -224, -340, -225, -370, -226, -400, -227, -430, -228, -460, -229, -490, -230, -520, -231, -550, 232, -580, -233, -610, -234, -640, -235, -670, -236, -700, -237, -730, -238, -760, -239, 790, -240, -820, -241, -850, -242, -880, -243, 910, -244, -940, -245, -970, 246, -1000, -247, -1030, -248, 1060, -249, -1090, 252, -281, -253, -311, -254, 341, -255, -371, -256, -401, 257, -431, -258, -461, -259, -491, -260, -521, -261, -551, -262, -581, -263, -611, -264, -641, -265, -671, -266, -701, -267, -731, -268, -761, -269, -791, -270, -821, -271, 851, 272, -881, -273, -911, -274, -941, -275, -971, -276, -1001, 277, -1031, -278, -1061, 279, -1091, -283, -312, -284, 342, -285, -372, -286, -402, 287, -432, -288, -462, -289, -492, -290, -522, -291, -552, -292, -582, -293, -612, -294, -642, -295, -672, -296, -702, -297, -732, -298, -762, -299, -792, -300, -822, -301, 852, 302, -882, -303, -912, -304, -942, -305, -972, -306, -1002, 307, -1032, -308, -1062, 309, -1092, -314, -343, -315, 373, -316, -403, -317, -433, 318, -463, -319, 493, 320, -523, -321, 553, -322, -583, -323, -613, 324, -643, 325, -673, -326, -703, 327, -733, -328, -763, -329, -793, -330, -823, -331, -853, -332, -883, -333, -913, 334, -943, -335, -973, -336, -1003, -337, -1033, -338, -1063, -339, -1093, -345, -374, -346, -404, 347, -434, -348, -464, -349, -494, -350, -524, -351, -554, -352, -584, -353, -614, -354, -644, -355, -674, -356, -704, -357, -734, -358, -764, -359, -794, -360, -824, 361, -854, 362, -884, -363, -914, -364, -944, -365, -974, -366, -1004, 367, -1034, -368, -1064, 369, -1094, -376, -405, -377, -435, 378, -465, 379, -495, 380, -525, 381, -555, -382, -585, -383, -615, 384, -645, 385, -675, -386, -705, 387, -735, -388, -765, -389, -795, -390, -825, -391, -855, -392, -885, -393, -915, 394, -945, -395, -975, -396, -1005, -397, -1035, -398, -1065, -399, -1095, -407, -436, -408, -466, -409, -496, -410, -526, -411, -556, -412, -586, -413, 616, -414, -646, -415, -676, -416, 706, -417, -736, -418, 766, -419, -796, -420, 826, -421, -856, -422, -886, -423, -916, -424, -946, -425, 976, -426, -1006, -427, -1036, -428, -1066, -429, -1096, -438, -467, -439, -497, -440, -527, -441, -557, -442, -587, -443, -617, -444, -647, -445, -677, -446, -707, -447, -737, -448, -767, -449, -797, -450, -827, -451, 857, 452, -887, -453, -917, -454, -947, -455, -977, -456, -1007, -457, 1037, -458, -1067, -459, 1097, -469, 498, 470, -528, -471, 558, -472, -588, -473, -618, 474, -648, -475, 678, -476, -708, -477, 738, -478, -768, -479, -798, -480, -828, -481, -858, -482, -888, -483, -918, -484, 948, -485, -978, -486, -1008, -487, -1038, -488, -1068, -489, -1098, 500, -529, -501, 559, -502, -589, -503, -619, 504, -649, 505, -679, -506, -709, 507, -739, -508, -769, -509, -799, -510, -829, -511, -859, -512, -889, -513, -919, 514, -949, -515, -979, -516, -1009, -517, -1039, -518, -1069, -519, -1099, -531, 560, -532, -590, -533, -620, 534, -650, -535, 680, -536, -710, -537, 740, -538, -770, -539, -800, -540, -830, -541, -860, -542, -890, -543, -920, -544, 950, -545, -980, -546, -1010, -547, -1040, -548, -1070, -549, -1100, -562, -591, -563, -621, 564, -651, 565, -681, -566, -711, 567, -741, -568, -771, -569, -801, -570, -831, -571, -861, -572, -891, -573, -921, 574, -951, -575, -981, -576, -1011, -577, -1041, -578, -1071, -579, -1101, -593, -622, -594, -652, -595, -682, -596, -712, -597, -742, -598, -772, -599, 802, -600, -832, -601, -862, -602, -892, -603, 922, -604, -952, -605, -982, 606, -1012, -607, -1042, -608, 1072, -609, -1102, -624, -653, -625, -683, 626, -713, -627, -743, 628, -773, -629, -803, 630, -833, -631, -863, -632, -893, -633, -923, -634, -953, -635, 983, -636, -1013, -637, -1043, -638, -1073, -639, -1103, -655, 684, -656, -714, -657, 744, -658, -774, -659, -804, -660, -834, -661, -864, -662, -894, -663, -924, -664, 954, -665, -984, -666, -1014, -667, -1044, -668, -1074, -669, -1104, -686, -715, 687, -745, -688, -775, -689, -805, -690, -835, -691, -865, -692, -895, -693, -925, -694, 955, -695, -985, -696, -1015, -697, -1045, -698, -1075, -699, -1105, -717, -746, 718, -776, -719, -806, -720, 836, -721, -866, -722, -896, -723, -926, -724, -956, -725, 986, -726, -1016, -727, -1046, -728, -1076, -729, -1106, -748, -777, -749, -807, -750, -837, -751, -867, -752, -897, -753, -927, -754, 957, -755, -987, -756, -1017, -757, -1047, -758, -1077, -759, -1107, -779, -808, -780, 838, -781, -868, -782, -898, -783, -928, -784, -958, -785, 988, -786, -1018, -787, -1048, -788, -1078, -789, -1108, -810, -839, -811, -869, -812, -899, -813, 929, -814, -959, -815, -989, 816, -1019, -817, -1049, -818, 1079, -819, -1109, -841, -870, -842, -900, -843, -930, -844, -960, -845, 990, -846, -1020, -847, -1050, -848, -1080, -849, -1110, 872, -901, -873, -931, -874, -961, -875, -991, -876, -1021, 877, -1051, -878, -1081, 879, -1111, -903, -932, -904, -962, -905, -992, -906, -1022, -907, 1052, -908, -1082, -909, 1112, -934, -963, -935, -993, 936, -1023, -937, -1053, -938, 1083, -939, -1113, -965, -994, -966, -1024, -967, -1054, -968, -1084, -969, -1114, -996, -1025, -997, -1055, -998, -1085, -999, -1115, -1027, -1056, -1028, 1086, -1029, -1116, -1058, -1087, -1059, 1117, -1089, -1118]
calculated to True in 0.005539894104003906 seconds.

The TLP has the following configuration: 

  ----  6  ----  12  ----  10  ----  4  ----  25  ----  16  ----  18  ----  9  ----  11  ----  15  ---- 
  ----  26  ----  14  ----  21  ----  17  ----  19  ----  7  ---- 
  ----  5  ----  22  ----  2  ----  3  ----  30  ----  28  ----  8  ----  23  ---- 
  ----  29  ----  24  ----  20  ----  1  ----  13  ----  27  ---- 

------------------------
File: grafo1334.30.gml with 30 Nodes and 39.0 Edges
------------
26199 Clauses were created in 0.06568408012390137 seconds.
No Solution found for 1 Tracks in 8.034706115722656e-05 seconds.


32717 Clauses were created in 0.06798958778381348 seconds.
No Solution found for 2 Tracks in 0.0025238990783691406 seconds.


44409 Clauses were created in 0.1431293487548828 seconds.
No Solution found for 3 Tracks in 0.02530217170715332 seconds.


61275 Clauses were created in 0.18497323989868164 seconds.
The Sat-Formula [-1, -2, -3, 4, 5, -6, -7, -8, 9, -10, -11, -12, -13, 14, -15, -16, -17, 18, -19, -20, 21, -22, -23, -24, 25, -26, -27, -28, -29, -30, 31, -32, 33, -34, -35, -36, -37, -38, 39, -40, -41, -42, -43, 44, 45, -46, -47, -48, -49, -50, 51, -52, -53, -54, -55, 56, -57, -58, 59, -60, -61, -62, 63, -64, -65, -66, 67, -68, 69, -70, -71, -72, -73, 74, -75, -76, -77, -78, 79, -80, -81, -82, -83, 84, -85, -86, -87, 88, -89, 90, -91, -92, -93, -94, 95, -96, -97, -98, 99, -100, 101, -102, -103, -104, 105, -106, -107, -108, -109, -110, -111, 112, -113, 114, -115, -116, -117, 118, -119, -120, -220, -251, -282, -313, -344, -375, -406, -437, -468, -499, -530, -561, -592, -623, -654, -685, -716, -747, -778, -809, -840, -871, -902, -933, -964, -995, -1026, -1057, -1088, -1119, -221, -250, -222, -280, -223, -310, -224, -340, -225, -370, -226, -400, -227, -430, -228, -460, -229, -490, -230, 520, -231, -550, -232, -580, 233, -610, -234, -640, -235, -670, -236, -700, -237, -730, -238, -760, -239, -790, 240, -820, 241, -850, -242, -880, -243, -910, -244, -940, -245, -970, -246, -1000, 247, -1030, -248, -1060, -249, -1090, -252, 281, -253, -311, -254, -341, -255, 371, -256, 401, -257, -431, 258, -461, -259, -491, -260, -521, 261, -551, -262, -581, -263, -611, -264, -641, -265, -671, -266, -701, 267, -731, -268, -761, -269, -791, -270, -821, -271, -851, -272, -881, -273, -911, -274, -941, 275, -971, -276, 1001, -277, -1031, -278, -1061, -279, -1091, -283, -312, -284, -342, -285, 372, -286, 402, -287, -432, 288, -462, -289, -492, -290, -522, 291, -552, -292, -582, -293, -612, -294, -642, -295, -672, -296, -702, 297, -732, -298, -762, -299, -792, -300, -822, -301, -852, -302, -882, -303, -912, -304, -942, 305, -972, -306, 1002, -307, -1032, -308, -1062, -309, -1092, 314, -343, -315, -373, -316, -403, -317, -433, -318, -463, -319, -493, -320, -523, -321, -553, -322, -583, -323, -613, -324, -643, -325, -673, -326, -703, -327, -733, 328, -763, -329, -793, -330, -823, -331, -853, 332, -883, -333, -913, -334, -943, -335, -973, -336, -1003, -337, -1033, 338, -1063, 339, -1093, -345, -374, -346, -404, -347, -434, -348, -464, -349, -494, -350, -524, -351, -554, -352, -584, -353, -614, -354, -644, -355, -674, -356, -704, -357, -734, -358, 764, -359, -794, -360, -824, -361, -854, 362, -884, -363, -914, -364, -944, -365, -974, -366, -1004, -367, -1034, -368, 1064, 369, -1094, 376, -405, -377, -435, 378, -465, -379, -495, -380, -525, 381, -555, -382, -585, -383, -615, -384, -645, -385, -675, -386, -705, 387, -735, -388, -765, -389, -795, -390, -825, -391, -855, -392, -885, -393, -915, -394, -945, 395, -975, -396, 1005, -397, -1035, -398, -1065, -399, -1095, -407, -436, 408, -466, -409, -496, -410, -526, 411, -556, -412, -586, -413, -616, -414, -646, -415, -676, -416, -706, 417, -736, -418, -766, -419, -796, -420, -826, -421, -856, -422, -886, -423, -916, -424, -946, 425, -976, -426, 1006, -427, -1036, -428, -1066, -429, -1096, -438, -467, 439, -497, -440, -527, -441, -557, -442, 587, -443, -617, 444, -647, 445, -677, -446, 707, -447, -737, -448, -767, 449, -797, -450, -827, -451, -857, -452, -887, 453, -917, 454, -947, -455, -977, -456, -1007, -457, -1037, -458, -1067, -459, -1097, -469, -498, -470, -528, 471, -558, -472, -588, -473, -618, -474, -648, -475, -678, -476, -708, 477, -738, -478, -768, -479, -798, -480, -828, -481, -858, -482, -888, -483, -918, -484, -948, 485, -978, -486, 1008, -487, -1038, -488, -1068, -489, -1098, -500, -529, -501, -559, -502, 589, -503, -619, -504, 649, 505, -679, -506, 709, -507, -739, -508, -769, 509, -799, -510, -829, -511, -859, -512, -889, -513, 919, 514, -949, -515, -979, -516, -1009, -517, -1039, -518, -1069, -519, -1099, -531, -560, -532, -590, 533, -620, -534, -650, -535, -680, -536, -710, -537, -740, -538, -770, -539, -800, 540, -830, 541, -860, -542, -890, -543, -920, -544, -950, -545, -980, -546, -1010, 547, -1040, -548, -1070, -549, -1100, -562, -591, -563, -621, -564, -651, -565, -681, -566, -711, 567, -741, -568, -771, -569, -801, -570, -831, -571, -861, -572, -891, -573, -921, -574, -951, 575, -981, -576, 1011, -577, -1041, -578, -1071, -579, -1101, -593, -622, 594, -652, 595, -682, 596, -712, -597, -742, -598, -772, 599, -802, -600, -832, -601, -862, -602, -892, 603, -922, 604, -952, -605, -982, -606, -1012, -607, -1042, -608, -1072, -609, -1102, -624, -653, -625, -683, -626, -713, -627, -743, -628, -773, -629, -803, -630, 833, -631, 863, -632, -893, -633, -923, -634, -953, -635, -983, -636, -1013, 637, -1043, -638, -1073, -639, -1103, 655, -684, -656, 714, -657, -744, -658, -774, 659, -804, -660, -834, -661, -864, -662, -894, -663, 924, 664, -954, -665, -984, -666, -1014, -667, -1044, -668, -1074, -669, -1104, -686, 715, -687, -745, -688, -775, -689, 805, -690, -835, -691, -865, -692, -895, -693, 925, -694, 955, -695, -985, -696, -1015, -697, -1045, -698, -1075, -699, -1105, -717, -746, -718, -776, 719, -806, -720, -836, -721, -866, -722, -896, 723, -926, 724, -956, -725, -986, -726, -1016, -727, -1046, -728, -1076, -729, -1106, -748, -777, -749, -807, -750, -837, -751, -867, -752, -897, -753, -927, -754, -957, 755, -987, -756, 1017, -757, -1047, -758, -1077, -759, -1107, -779, -808, -780, -838, -781, -868, 782, -898, -783, -928, -784, -958, -785, -988, -786, -1018, -787, -1048, 788, -1078, 789, -1108, -810, -839, -811, -869, -812, -899, -813, 929, 814, -959, -815, -989, -816, -1019, -817, -1049, -818, -1079, -819, -1109, -841, 870, -842, -900, -843, -930, -844, -960, -845, -990, -846, -1020, 847, -1050, -848, -1080, -849, -1110, -872, -901, -873, -931, -874, -961, -875, -991, -876, -1021, 877, -1051, -878, -1081, -879, -1111, -903, -932, -904, -962, -905, -992, -906, -1022, -907, -1052, -908, 1082, -909, 1112, 934, -963, -935, -993, -936, -1023, -937, -1053, -938, -1083, -939, -1113, -965, -994, -966, -1024, -967, -1054, -968, -1084, -969, -1114, -996, 1025, -997, -1055, -998, -1085, -999, -1115, -1027, -1056, -1028, -1086, -1029, -1116, -1058, -1087, -1059, -1117, 1089, -1118]
calculated to True in 0.007429599761962891 seconds.

The TLP has the following configuration: 

  ----  27  ----  6  ----  7  ----  3  ----  2  ----  9  ----  12  ----  18  ----  26  ---- 
  ----  4  ----  19  ----  29  ----  5  ----  30  ----  23  ---- 
  ----  13  ----  17  ----  8  ----  24  ----  15  ----  10  ----  20  ----  25  ----  16  ---- 
  ----  11  ----  1  ----  22  ----  21  ----  14  ----  28  ---- 

------------------------
File: grafo484.30.gml with 30 Nodes and 35.0 Edges
------------
26195 Clauses were created in 0.05144643783569336 seconds.
No Solution found for 1 Tracks in 7.367134094238281e-05 seconds.


31509 Clauses were created in 0.08359980583190918 seconds.
No Solution found for 2 Tracks in 0.0009543895721435547 seconds.


40797 Clauses were created in 0.10661745071411133 seconds.
The Sat-Formula [-1, 2, -3, 4, -5, -6, -7, -8, 9, -10, 11, -12, -13, 14, -15, -16, 17, -18, -19, -20, 21, -22, -23, 24, 25, -26, -27, 28, -29, -30, 31, -32, -33, -34, 35, -36, -37, 38, -39, 40, -41, -42, 43, -44, -45, -46, -47, 48, 49, -50, -51, -52, -53, 54, 55, -56, -57, -58, -59, 60, -61, -62, 63, -64, 65, -66, -67, -68, 69, -70, -71, 72, -73, 74, -75, -76, 77, -78, 79, -80, -81, -82, -83, 84, -85, -86, 87, 88, -89, -90, -190, -221, -252, -283, -314, -345, -376, -407, -438, -469, -500, -531, -562, -593, -624, -655, -686, -717, -748, -779, -810, -841, -872, -903, -934, -965, -996, -1027, -1058, -1089, -191, -220, -192, -250, 193, -280, 194, -310, 195, -340, -196, -370, -197, -400, -198, -430, -199, -460, -200, -490, -201, 520, -202, 550, -203, -580, -204, -610, -205, -640, -206, -670, -207, -700, -208, -730, -209, -760, -210, -790, -211, 820, -212, -850, -213, -880, 214, -910, 215, -940, -216, -970, -217, -1000, -218, -1030, -219, -1060, -222, -251, -223, -281, -224, -311, -225, -341, -226, -371, -227, -401, 228, -431, 229, -461, 230, -491, -231, -521, -232, -551, 233, -581, 234, -611, -235, -641, 236, -671, -237, -701, 238, -731, -239, -761, -240, -791, -241, -821, -242, -851, -243, -881, -244, -911, -245, -941, 246, -971, -247, -1001, -248, -1031, 249, -1061, -253, -282, -254, -312, -255, -342, -256, 372, 257, -402, -258, -432, -259, -462, -260, -492, -261, -522, -262, -552, -263, -582, -264, -612, -265, 642, -266, -672, 267, -702, -268, -732, 269, -762, -270, 792, -271, -822, -272, 852, -273, 882, -274, -912, -275, -942, -276, -972, 277, -1002, -278, 1032, -279, -1062, 284, -313, 285, -343, -286, -373, -287, -403, -288, -433, -289, -463, -290, -493, -291, 523, -292, 553, -293, -583, -294, -613, -295, -643, -296, -673, -297, -703, -298, -733, -299, -763, -300, -793, -301, 823, -302, -853, -303, -883, -304, 913, -305, 943, -306, -973, -307, -1003, -308, -1033, -309, -1063, 315, -344, -316, -374, -317, -404, -318, -434, -319, -464, -320, -494, -321, 524, -322, 554, -323, -584, -324, -614, -325, -644, -326, -674, -327, -704, -328, -734, -329, -764, -330, -794, -331, 824, -332, -854, -333, -884, -334, 914, -335, 944, -336, -974, -337, -1004, -338, -1034, -339, -1064, -346, -375, -347, -405, -348, -435, -349, -465, -350, -495, -351, 525, -352, 555, -353, -585, -354, -615, -355, -645, -356, -675, -357, -705, -358, -735, -359, -765, -360, -795, -361, 825, -362, -855, -363, -885, -364, 915, -365, 945, -366, -975, -367, -1005, -368, -1035, -369, -1065, 377, -406, -378, -436, -379, -466, -380, -496, -381, -526, -382, -556, -383, -586, -384, -616, -385, 646, -386, -676, 387, -706, -388, -736, 389, -766, 390, -796, -391, -826, 392, -856, 393, -886, -394, -916, -395, -946, -396, -976, 397, -1006, 398, -1036, -399, -1066, -408, -437, -409, -467, -410, -497, -411, -527, -412, -557, -413, -587, -414, -617, -415, 647, -416, -677, -417, 707, -418, -737, -419, 767, -420, 797, -421, -827, -422, 857, -423, 887, -424, -917, -425, -947, -426, -977, -427, 1007, -428, 1037, -429, -1067, -439, 468, -440, 498, -441, -528, -442, -558, -443, 588, -444, 618, -445, -648, 446, -678, -447, -708, 448, -738, -449, -768, -450, -798, -451, -828, -452, -858, -453, -888, -454, -918, -455, -948, 456, -978, -457, -1008, -458, -1038, -459, 1068, 470, -499, -471, -529, -472, -559, 473, -589, 474, -619, -475, -649, 476, -679, -477, -709, 478, -739, -479, -769, -480, -799, -481, -829, -482, -859, -483, -889, -484, -919, -485, -949, 486, -979, -487, -1009, -488, -1039, -489, 1069, -501, -530, -502, -560, -503, 590, -504, 620, -505, -650, 506, -680, -507, -710, 508, -740, -509, -770, -510, -800, -511, -830, -512, -860, -513, -890, -514, -920, -515, -950, 516, -980, -517, -1010, -518, -1040, -519, 1070, 532, -561, -533, -591, -534, -621, -535, -651, -536, -681, -537, -711, -538, -741, -539, -771, -540, -801, 541, -831, -542, -861, -543, -891, 544, -921, 545, -951, -546, -981, -547, -1011, -548, -1041, -549, -1071, -563, -592, -564, -622, -565, -652, -566, -682, -567, -712, -568, -742, -569, -772, -570, -802, 571, -832, -572, -862, -573, -892, 574, -922, 575, -952, -576, -982, -577, -1012, -578, -1042, -579, -1072, -594, 623, -595, -653, 596, -683, -597, -713, 598, -743, -599, -773, -600, -803, -601, -833, -602, -863, -603, -893, -604, -923, -605, -953, 606, -983, -607, -1013, -608, -1043, -609, 1073, -625, -654, 626, -684, -627, -714, 628, -744, -629, -774, -630, -804, -631, -834, -632, -864, -633, -894, -634, -924, -635, -954, 636, -984, -637, -1014, -638, -1044, -639, 1074, -656, -685, 657, -715, -658, -745, 659, -775, 660, -805, -661, -835, 662, -865, 663, -895, -664, -925, -665, -955, -666, -985, 667, -1015, 668, -1045, -669, -1075, -687, -716, 688, -746, -689, -776, -690, -806, -691, -836, -692, -866, -693, -896, -694, -926, -695, -956, 696, -986, -697, -1016, -698, -1046, -699, 1076, -718, -747, -719, 777, -720, 807, -721, -837, -722, 867, -723, 897, -724, -927, -725, -957, -726, -987, -727, 1017, -728, 1047, -729, -1077, -749, -778, -750, -808, -751, -838, -752, -868, -753, -898, -754, -928, -755, -958, -756, 988, -757, -1018, -758, -1048, -759, 1078, -780, 809, -781, -839, -782, 869, -783, 899, -784, -929, -785, -959, -786, -989, 787, -1019, -788, 1049, -789, -1079, -811, -840, -812, 870, -813, 900, -814, -930, -815, -960, -816, -990, 817, -1020, -818, 1050, -819, -1080, -842, -871, -843, -901, 844, -931, 845, -961, -846, -991, -847, -1021, -848, -1051, -849, -1081, 873, -902, -874, -932, -875, -962, -876, -992, 877, -1022, -878, 1052, -879, -1082, -904, -933, -905, -963, -906, -993, 907, -1023, -908, 1053, -909, -1083, -935, 964, -936, -994, -937, -1024, -938, -1054, -939, -1084, -966, -995, -967, -1025, -968, -1055, -969, -1085, -997, -1026, -998, -1056, -999, 1086, -1028, 1057, -1029, -1087, -1059, -1088]
calculated to True in 0.005827188491821289 seconds.

The TLP has the following configuration: 

  ----  2  ----  30  ----  10  ----  15  ----  14  ----  11  ----  9  ----  17  ----  27  ----  19  ---- 
  ----  12  ----  13  ----  22  ----  1  ----  26  ----  25  ----  4  ----  5  ----  6  ---- 
  ----  16  ----  7  ----  29  ----  23  ----  24  ----  21  ----  3  ----  20  ----  28  ----  18  ----  8  ---- 

------------------------
File: grafo1627.30.gml with 30 Nodes and 40.0 Edges
------------
26200 Clauses were created in 0.052025556564331055 seconds.
No Solution found for 1 Tracks in 7.796287536621094e-05 seconds.


32967 Clauses were created in 0.08226537704467773 seconds.
No Solution found for 2 Tracks in 0.000736236572265625 seconds.


45156 Clauses were created in 0.11864829063415527 seconds.
No Solution found for 3 Tracks in 0.035552024841308594 seconds.


62767 Clauses were created in 0.16973233222961426 seconds.
The Sat-Formula [-1, -2, 3, -4, -5, 6, -7, -8, 9, -10, -11, -12, -13, 14, -15, -16, 17, -18, -19, -20, 21, -22, -23, -24, 25, -26, -27, -28, 29, -30, -31, -32, -33, 34, -35, -36, -37, 38, -39, -40, 41, -42, -43, -44, 45, -46, -47, -48, -49, -50, 51, -52, -53, -54, -55, 56, -57, 58, -59, -60, -61, -62, 63, -64, 65, -66, -67, -68, -69, -70, -71, 72, 73, -74, -75, -76, -77, 78, -79, -80, -81, 82, -83, -84, -85, 86, -87, -88, 89, -90, -91, -92, 93, -94, -95, -96, -97, 98, -99, -100, 101, -102, -103, -104, -105, -106, -107, 108, 109, -110, -111, -112, 113, -114, -115, -116, -117, 118, -119, -120, -220, -251, -282, -313, -344, -375, -406, -437, -468, -499, -530, -561, -592, -623, -654, -685, -716, -747, -778, -809, -840, -871, -902, -933, -964, -995, -1026, -1057, -1088, -1119, -221, -250, -222, -280, -223, -310, -224, -340, -225, -370, -226, -400, -227, -430, -228, -460, -229, -490, -230, -520, -231, -550, 232, -580, -233, -610, -234, -640, 235, -670, -236, -700, -237, -730, -238, -760, -239, -790, -240, -820, -241, -850, -242, -880, -243, -910, -244, -940, -245, -970, -246, -1000, -247, -1030, -248, -1060, -249, -1090, -252, -281, -253, 311, -254, -341, -255, -371, -256, -401, -257, -431, 258, -461, 259, -491, -260, -521, -261, -551, -262, -581, -263, -611, 264, -641, -265, -671, -266, -701, -267, -731, -268, -761, -269, 791, 270, -821, 271, -851, -272, -881, -273, -911, 274, -941, -275, -971, -276, -1001, -277, -1031, -278, -1061, -279, 1091, -283, -312, -284, 342, -285, 372, 286, -402, 287, -432, -288, -462, -289, -492, -290, 522, 291, -552, -292, -582, -293, -612, -294, -642, -295, -672, -296, 702, -297, -732, 298, -762, -299, -792, -300, -822, -301, -852, -302, 882, 303, -912, -304, -942, 305, -972, -306, -1002, 307, -1032, -308, 1062, -309, -1092, -314, -343, -315, -373, -316, -403, -317, -433, 318, -463, 319, -493, -320, -523, -321, -553, -322, -583, -323, -613, 324, -643, -325, -673, -326, -703, -327, -733, -328, -763, 329, -793, 330, -823, 331, -853, -332, -883, -333, -913, 334, -943, -335, -973, -336, -1003, -337, -1033, -338, -1063, -339, 1093, 345, -374, 346, -404, 347, -434, -348, -464, -349, -494, 350, -524, 351, -554, -352, -584, -353, -614, -354, -644, -355, -674, 356, -704, -357, -734, 358, -764, -359, -794, -360, -824, -361, -854, 362, -884, 363, -914, -364, -944, 365, -974, -366, -1004, 367, -1034, 368, -1064, -369, -1094, 376, -405, 377, -435, -378, -465, -379, -495, 380, -525, 381, -555, -382, -585, -383, -615, -384, -645, -385, -675, -386, 705, -387, -735, 388, -765, -389, -795, -390, -825, -391, -855, 392, -885, 393, -915, -394, -945, 395, -975, -396, -1005, 397, -1035, -398, 1065, -399, -1095, 407, -436, -408, -466, -409, -496, -410, 526, 411, -556, -412, -586, -413, -616, -414, -646, -415, -676, -416, 706, -417, -736, 418, -766, -419, -796, -420, -826, -421, -856, -422, 886, 423, -916, -424, -946, 425, -976, -426, -1006, 427, -1036, -428, 1066, -429, -1096, -438, -467, -439, -497, -440, 527, 441, -557, -442, -587, -443, -617, -444, -647, -445, -677, -446, 707, -447, -737, 448, -767, -449, -797, -450, -827, -451, -857, -452, 887, 453, -917, -454, -947, 455, -977, -456, -1007, 457, -1037, -458, 1067, -459, -1097, 469, -498, -470, -528, -471, -558, -472, -588, -473, -618, 474, -648, -475, -678, -476, -708, -477, -738, -478, -768, -479, 798, -480, 828, 481, -858, -482, -888, -483, -918, -484, 948, -485, -978, -486, -1008, -487, -1038, -488, -1068, -489, 1098, -500, -529, -501, -559, -502, -589, -503, -619, 504, -649, -505, -679, -506, -709, -507, -739, -508, -769, -509, 799, -510, 829, 511, -859, -512, -889, -513, -919, -514, 949, -515, -979, -516, -1009, -517, -1039, -518, -1069, -519, 1099, 531, -560, -532, -590, -533, -620, -534, -650, -535, -680, -536, 710, -537, -740, 538, -770, -539, -800, -540, -830, -541, -860, 542, -890, 543, -920, -544, -950, 545, -980, -546, -1010, 547, -1040, -548, 1070, -549, -1100, -562, -591, -563, -621, -564, -651, -565, -681, -566, 711, -567, -741, 568, -771, -569, -801, -570, -831, -571, -861, -572, 891, 573, -921, -574, -951, 575, -981, -576, -1011, -577, 1041, -578, 1071, -579, -1101, -593, -622, -594, -652, 595, -682, -596, -712, -597, -742, -598, -772, -599, -802, -600, -832, -601, -862, -602, -892, -603, -922, -604, -952, -605, -982, -606, -1012, -607, -1042, -608, -1072, -609, -1102, -624, -653, -625, -683, -626, -713, 627, -743, -628, -773, -629, -803, -630, -833, -631, -863, -632, -893, -633, -923, -634, -953, -635, -983, -636, 1013, -637, -1043, -638, -1073, -639, -1103, -655, -684, -656, -714, -657, -744, -658, -774, -659, 804, -660, 834, 661, -864, -662, -894, -663, -924, -664, 954, -665, -984, -666, -1014, -667, -1044, -668, -1074, -669, 1104, -686, -715, -687, -745, -688, -775, -689, -805, -690, -835, -691, -865, -692, -895, -693, -925, -694, -955, -695, -985, -696, -1015, -697, -1045, -698, -1075, -699, -1105, -717, -746, 718, -776, -719, -806, -720, -836, -721, -866, 722, -896, 723, -926, -724, -956, 725, -986, -726, -1016, 727, -1046, 728, -1076, -729, -1106, -748, -777, -749, -807, -750, -837, -751, -867, -752, -897, -753, -927, -754, -957, -755, -987, -756, 1017, -757, -1047, -758, -1077, -759, -1107, -779, -808, -780, -838, -781, -868, -782, 898, 783, -928, -784, -958, -785, 988, -786, -1018, -787, 1048, -788, 1078, -789, -1108, 810, -839, 811, -869, -812, -899, -813, -929, 814, -959, -815, -989, -816, -1019, -817, -1049, -818, -1079, -819, 1109, 841, -870, -842, -900, -843, -930, 844, -960, -845, -990, -846, -1020, -847, -1050, -848, -1080, -849, 1110, -872, -901, -873, -931, -874, 961, -875, -991, -876, -1021, -877, -1051, -878, -1081, -879, 1111, 903, -932, -904, -962, 905, -992, -906, -1022, 907, -1052, -908, 1082, -909, -1112, -934, -963, -935, 993, -936, -1023, -937, 1053, -938, 1083, -939, -1113, -965, -994, -966, -1024, -967, -1054, -968, -1084, -969, 1114, -996, -1025, -997, 1055, -998, 1085, -999, -1115, -1027, -1056, -1028, -1086, -1029, -1116, -1058, 1087, -1059, -1117, -1089, -1118]
calculated to True in 0.0058100223541259766 seconds.

The TLP has the following configuration: 

  ----  5  ----  17  ----  29  ----  6  ----  11  ----  23  ----  3  ----  7  ----  8  ----  28  ----  12  ----  26  ----  19  ----  24  ---- 
  ----  30  ----  4  ----  20  ----  2  ----  21  ----  25  ----  9  ----  10  ----  15  ----  22  ---- 
  ----  1  ----  13  ----  16  ---- 
  ----  27  ----  14  ----  18  ---- 

------------------------
File: grafo1687.30.gml with 30 Nodes and 32.0 Edges
------------
26192 Clauses were created in 0.0639655590057373 seconds.
No Solution found for 1 Tracks in 7.82012939453125e-05 seconds.


31151 Clauses were created in 0.07796311378479004 seconds.
No Solution found for 2 Tracks in 0.003901243209838867 seconds.


39732 Clauses were created in 0.13599729537963867 seconds.
The Sat-Formula [-1, -2, 3, -4, -5, 6, -7, -8, 9, 10, -11, -12, -13, 14, -15, -16, 17, -18, -19, -20, 21, 22, -23, -24, -25, 26, -27, 28, -29, -30, -31, -32, 33, -34, 35, -36, 37, -38, -39, -40, 41, -42, 43, -44, -45, -46, -47, 48, 49, -50, -51, -52, -53, 54, -55, 56, -57, -58, -59, 60, -61, 62, -63, 64, -65, -66, -67, -68, 69, 70, -71, -72, -73, 74, -75, -76, -77, 78, -79, -80, 81, -82, -83, 84, -85, 86, -87, 88, -89, -90, -190, -221, -252, -283, -314, -345, -376, -407, -438, -469, -500, -531, -562, -593, -624, -655, -686, -717, -748, -779, -810, -841, -872, -903, -934, -965, -996, -1027, -1058, -1089, 191, -220, 192, -250, -193, -280, -194, -310, -195, -340, -196, 370, -197, -400, -198, -430, -199, -460, 200, -490, -201, -520, -202, -550, -203, -580, -204, -610, 205, -640, -206, -670, 207, -700, -208, -730, 209, -760, -210, -790, -211, -820, 212, -850, -213, -880, -214, -910, 215, -940, 216, -970, 217, -1000, -218, -1030, -219, -1060, 222, -251, -223, -281, -224, -311, -225, -341, -226, 371, -227, -401, -228, -431, -229, -461, 230, -491, -231, -521, -232, -551, -233, -581, -234, -611, 235, -641, -236, -671, 237, -701, -238, -731, 239, -761, -240, -791, -241, -821, 242, -851, -243, -881, -244, -911, 245, -941, 246, -971, 247, -1001, -248, -1031, -249, -1061, -253, -282, -254, -312, -255, -342, -256, 372, -257, -402, -258, -432, -259, -462, 260, -492, -261, -522, -262, -552, -263, -582, -264, -612, -265, 642, -266, -672, 267, -702, -268, -732, -269, 762, -270, -792, -271, -822, -272, 852, -273, -882, -274, -912, -275, 942, -276, 972, 277, -1002, -278, -1032, -279, -1062, -284, -313, -285, -343, -286, -373, -287, 403, -288, -433, -289, 463, -290, -493, -291, -523, -292, 553, -293, -583, 294, -613, -295, -643, -296, 673, -297, -703, -298, -733, -299, -763, -300, -793, 301, -823, -302, -853, -303, 883, -304, -913, -305, -943, -306, -973, -307, -1003, -308, -1033, -309, 1063, -315, 344, -316, -374, -317, -404, 318, -434, -319, -464, -320, -494, 321, -524, -322, -554, 323, -584, -324, -614, -325, -644, -326, -674, -327, -704, 328, -734, -329, -764, 330, -794, -331, -824, -332, -854, -333, -884, 334, -914, -335, -944, -336, -974, -337, -1004, -338, 1034, -339, -1064, -346, -375, -347, -405, 348, -435, -349, -465, -350, -495, 351, -525, -352, -555, 353, -585, -354, -615, -355, -645, -356, -675, -357, -705, 358, -735, -359, -765, 360, -795, -361, -825, -362, -855, -363, -885, 364, -915, -365, -945, -366, -975, -367, -1005, 368, -1035, -369, -1065, -377, -406, -378, -436, -379, -466, 380, -496, -381, -526, -382, -556, -383, -586, -384, -616, 385, -646, -386, -676, 387, -706, -388, -736, 389, -766, -390, -796, -391, -826, 392, -856, -393, -886, -394, -916, 395, -946, 396, -976, 397, -1006, -398, -1036, -399, -1066, -408, -437, 409, -467, -410, -497, -411, -527, 412, -557, -413, -587, 414, -617, -415, -647, 416, -677, -417, -707, -418, -737, -419, -767, -420, -797, 421, -827, -422, -857, 423, -887, -424, -917, -425, -947, -426, -977, -427, -1007, -428, -1037, 429, -1067, -439, -468, -440, -498, 441, -528, -442, -558, 443, -588, -444, -618, -445, -648, -446, -678, -447, -708, 448, -738, -449, -768, 450, -798, -451, -828, -452, -858, -453, -888, -454, 918, -455, -948, -456, -978, -457, -1008, -458, 1038, -459, -1068, -470, -499, -471, -529, -472, 559, -473, -589, 474, -619, -475, -649, 476, -679, -477, -709, -478, -739, -479, -769, -480, -799, 481, -829, -482, -859, 483, -889, -484, -919, -485, -949, -486, -979, -487, -1009, -488, -1039, -489, 1069, -501, -530, -502, -560, -503, -590, -504, -620, -505, 650, -506, -680, 507, -710, -508, -740, -509, 770, -510, -800, -511, -830, -512, 860, -513, -890, -514, -920, -515, 950, -516, 980, 517, -1010, -518, -1040, -519, -1070, -532, -561, -533, 591, -534, -621, -535, -651, -536, -681, -537, -711, -538, 741, -539, -771, -540, 801, -541, -831, -542, -861, -543, -891, -544, 921, -545, -951, -546, -981, -547, -1011, -548, 1041, -549, -1071, -563, -592, 564, -622, -565, -652, 566, -682, -567, -712, -568, -742, -569, -772, -570, -802, 571, -832, -572, -862, 573, -892, -574, -922, -575, -952, -576, -982, -577, -1012, -578, -1042, -579, 1072, -594, -623, -595, -653, -596, -683, -597, -713, 598, -743, -599, -773, 600, -803, -601, -833, -602, -863, -603, -893, -604, 923, -605, -953, -606, -983, -607, -1013, -608, 1043, -609, -1073, -625, -654, -626, 684, -627, -714, -628, -744, -629, -774, -630, -804, -631, 834, -632, -864, -633, 894, -634, -924, -635, -954, -636, -984, -637, -1014, -638, -1044, -639, 1074, -656, -685, 657, -715, -658, -745, -659, 775, -660, -805, -661, -835, 662, -865, -663, -895, -664, -925, -665, 955, -666, 985, 667, -1015, -668, -1045, -669, -1075, -687, -716, -688, -746, -689, -776, -690, -806, 691, -836, -692, -866, 693, -896, -694, -926, -695, -956, -696, -986, -697, -1016, -698, -1046, -699, 1076, -718, -747, -719, 777, -720, -807, -721, -837, -722, 867, -723, -897, -724, -927, -725, 957, -726, 987, 727, -1017, -728, -1047, -729, -1077, -749, -778, 750, -808, -751, -838, -752, -868, -753, -898, -754, 928, -755, -958, -756, -988, -757, -1018, -758, 1048, -759, -1078, -780, -809, -781, -839, 782, -869, -783, -899, -784, -929, -785, 959, 786, -989, 787, -1019, -788, -1049, -789, -1079, -811, -840, -812, -870, -813, -900, -814, 930, -815, -960, -816, -990, -817, -1020, -818, 1050, -819, -1080, -842, -871, -843, 901, -844, -931, -845, -961, -846, -991, -847, -1021, -848, -1051, -849, 1081, -873, -902, -874, -932, -875, 962, -876, 992, 877, -1022, -878, -1052, -879, -1082, -904, -933, -905, -963, -906, -993, -907, -1023, -908, -1053, -909, 1083, -935, -964, -936, -994, -937, -1024, -938, 1054, -939, -1084, 966, -995, 967, -1025, -968, -1055, -969, -1085, 997, -1026, -998, -1056, -999, -1086, -1028, -1057, -1029, -1087, -1059, -1088]
calculated to True in 0.03615427017211914 seconds.

The TLP has the following configuration: 

  ----  8  ----  30  ----  13  ----  10  ----  17  ----  24  ----  4  ----  22  ----  15  ---- 
  ----  6  ----  29  ----  5  ----  25  ----  9  ----  14  ----  19  ----  21  ----  12  ---- 
  ----  7  ----  1  ----  2  ----  26  ----  20  ----  27  ----  16  ----  23  ----  3  ----  11  ----  18  ----  28  ---- 

------------------------
File: grafo1623.30.gml with 30 Nodes and 41.0 Edges
------------
26201 Clauses were created in 0.08571767807006836 seconds.
No Solution found for 1 Tracks in 0.00012135505676269531 seconds.


33201 Clauses were created in 0.09742069244384766 seconds.
No Solution found for 2 Tracks in 0.0013613700866699219 seconds.


45855 Clauses were created in 0.12444758415222168 seconds.
No Solution found for 3 Tracks in 0.04143476486206055 seconds.


64163 Clauses were created in 0.192061185836792 seconds.
The Sat-Formula [1, -2, -3, -4, -5, 6, -7, -8, 9, -10, -11, -12, -13, 14, -15, -16, -17, -18, -19, 20, -21, -22, -23, 24, -25, 26, -27, -28, -29, -30, -31, 32, -33, -34, -35, 36, -37, -38, -39, 40, -41, -42, 43, -44, 45, -46, -47, -48, 49, -50, -51, -52, 53, -54, -55, -56, -57, 58, -59, -60, 61, -62, -63, -64, -65, 66, -67, -68, -69, -70, -71, 72, 73, -74, -75, -76, -77, 78, -79, -80, 81, -82, -83, -84, -85, -86, -87, 88, -89, -90, -91, 92, -93, 94, -95, -96, 97, -98, -99, -100, -101, -102, 103, -104, -105, 106, -107, -108, 109, -110, -111, -112, -113, -114, 115, -116, -117, 118, -119, -120, -220, -251, -282, -313, -344, -375, -406, -437, -468, -499, -530, -561, -592, -623, -654, -685, -716, -747, -778, -809, -840, -871, -902, -933, -964, -995, -1026, -1057, -1088, -1119, -221, -250, 222, -280, -223, -310, -224, -340, -225, -370, -226, -400, -227, -430, -228, -460, -229, -490, -230, -520, -231, 550, -232, 580, 233, -610, -234, -640, 235, -670, -236, -700, -237, -730, 238, -760, -239, -790, -240, 820, -241, -850, -242, -880, -243, -910, 244, -940, -245, -970, -246, -1000, -247, 1030, -248, -1060, -249, -1090, -252, -281, 253, -311, -254, -341, -255, -371, 256, -401, -257, -431, -258, -461, -259, -491, -260, -521, -261, -551, -262, -581, -263, -611, 264, -641, -265, -671, -266, 701, -267, -731, -268, -761, 269, -791, -270, -821, -271, -851, -272, -881, -273, 911, -274, -941, -275, -971, 276, -1001, -277, -1031, -278, -1061, 279, -1091, -283, -312, -284, -342, -285, -372, -286, -402, -287, -432, -288, -462, -289, -492, -290, -522, -291, 552, -292, 582, 293, -612, -294, -642, -295, 672, -296, -702, -297, -732, -298, 762, -299, -792, -300, 822, -301, -852, -302, -882, -303, -912, 304, -942, -305, -972, -306, -1002, -307, 1032, -308, -1062, -309, -1092, -314, -343, -315, -373, 316, -403, -317, -433, -318, -463, -319, -493, -320, -523, -321, -553, -322, -583, -323, -613, 324, -643, -325, -673, -326, 703, -327, -733, -328, -763, -329, 793, -330, -823, -331, -853, -332, -883, -333, 913, -334, -943, -335, -973, -336, 1003, -337, -1033, -338, -1063, 339, -1093, 345, -374, -346, -404, 347, -434, 348, -464, 349, -494, -350, -524, -351, -554, -352, -584, -353, -614, -354, -644, -355, -674, -356, -704, 357, -734, -358, -764, -359, -794, -360, -824, 361, -854, 362, -884, -363, -914, -364, -944, -365, -974, -366, -1004, -367, -1034, -368, -1064, -369, -1094, -376, -405, 377, -435, -378, 465, 379, -495, -380, -525, -381, -555, -382, -585, -383, -615, -384, -645, -385, -675, -386, -705, 387, -735, -388, -765, -389, -795, -390, -825, -391, 855, 392, -885, -393, -915, -394, -945, -395, -975, -396, -1005, -397, -1035, -398, -1065, -399, -1095, -407, -436, -408, -466, -409, -496, -410, -526, -411, -556, -412, -586, -413, -616, 414, -646, -415, -676, -416, 706, -417, -736, -418, -766, -419, 796, -420, -826, -421, -856, -422, -886, -423, 916, -424, -946, -425, -976, -426, 1006, -427, -1036, -428, -1066, -429, 1096, -438, 467, -439, 497, -440, -527, -441, -557, -442, -587, -443, -617, -444, -647, -445, -677, -446, -707, -447, 737, -448, -767, -449, -797, -450, -827, -451, 857, -452, 887, -453, -917, -454, -947, -455, -977, -456, -1007, -457, -1037, -458, -1067, -459, -1097, 469, -498, -470, -528, -471, -558, -472, -588, -473, -618, -474, -648, -475, -678, -476, -708, 477, -738, -478, -768, -479, -798, -480, -828, 481, -858, 482, -888, -483, -918, -484, -948, -485, -978, -486, -1008, -487, -1038, -488, -1068, -489, -1098, -500, -529, -501, -559, -502, -589, -503, -619, -504, -649, -505, -679, -506, -709, 507, -739, -508, -769, -509, -799, -510, -829, -511, 859, -512, 889, -513, -919, -514, -949, -515, -979, -516, -1009, -517, -1039, -518, -1069, -519, -1099, -531, -560, -532, -590, -533, -620, -534, -650, -535, -680, -536, -710, -537, -740, -538, -770, -539, -800, -540, -830, -541, -860, -542, -890, -543, -920, -544, -950, -545, 980, -546, -1010, -547, -1040, -548, 1070, -549, -1100, 562, -591, 563, -621, -564, -651, 565, -681, -566, -711, -567, -741, 568, -771, -569, -801, 570, -831, -571, -861, -572, -891, -573, -921, 574, -951, -575, -981, -576, -1011, 577, -1041, -578, -1071, -579, -1101, 593, -622, -594, -652, 595, -682, -596, -712, -597, -742, 598, -772, -599, -802, 600, -832, -601, -862, -602, -892, -603, -922, 604, -952, -605, -982, -606, -1012, 607, -1042, -608, -1072, -609, -1102, -624, -653, -625, 683, -626, -713, -627, -743, -628, 773, -629, -803, -630, 833, -631, -863, -632, -893, -633, -923, 634, -953, -635, -983, -636, -1013, -637, 1043, -638, -1073, -639, -1103, -655, -684, -656, 714, -657, -744, -658, -774, -659, 804, -660, -834, -661, -864, -662, -894, -663, 924, -664, -954, -665, -984, -666, 1014, -667, -1044, -668, -1074, -669, 1104, -686, -715, -687, -745, -688, 775, -689, -805, -690, 835, -691, -865, -692, -895, -693, -925, 694, -955, -695, -985, -696, -1015, -697, 1045, -698, -1075, -699, -1105, -717, -746, -718, -776, 719, -806, -720, -836, -721, -866, -722, -896, 723, -926, -724, -956, -725, -986, 726, -1016, -727, -1046, -728, -1076, 729, -1106, -748, -777, -749, -807, -750, -837, -751, 867, -752, 897, -753, -927, -754, -957, -755, -987, -756, -1017, -757, -1047, -758, -1077, -759, -1107, -779, -808, -780, 838, -781, -868, -782, -898, -783, -928, 784, -958, -785, -988, -786, -1018, -787, 1048, -788, -1078, -789, -1108, -810, -839, -811, -869, -812, -899, -813, 929, -814, -959, -815, -989, 816, -1019, -817, -1049, -818, -1079, 819, -1109, -841, -870, -842, -900, -843, -930, 844, -960, -845, -990, -846, -1020, 847, -1050, -848, -1080, -849, -1110, 872, -901, -873, -931, -874, -961, -875, -991, -876, -1021, -877, -1051, -878, -1081, -879, -1111, -903, -932, -904, -962, -905, -992, -906, -1022, -907, -1052, -908, -1082, -909, -1112, -934, -963, -935, -993, 936, -1023, -937, -1053, -938, -1083, 939, -1113, -965, -994, -966, -1024, -967, 1054, -968, -1084, -969, -1114, -996, -1025, -997, -1055, 998, -1085, -999, -1115, -1027, -1056, -1028, -1086, 1029, -1116, -1058, -1087, -1059, -1117, -1089, -1118]
calculated to True in 0.00900125503540039 seconds.

The TLP has the following configuration: 

  ----  12  ----  13  ----  21  ----  28  ----  1  ----  19  ----  16  ----  3  ----  14  ----  25  ---- 
  ----  17  ----  24  ----  2  ----  20  ----  27  ----  4  ----  30  ----  7  ----  15  ---- 
  ----  26  ----  29  ----  11  ---- 
  ----  5  ----  9  ----  22  ----  6  ----  23  ----  10  ----  18  ----  8  ---- 

------------------------
File: grafo4040.30.gml with 30 Nodes and 36.0 Edges
------------
26196 Clauses were created in 0.08977746963500977 seconds.
No Solution found for 1 Tracks in 9.226799011230469e-05 seconds.


31967 Clauses were created in 0.08925485610961914 seconds.
No Solution found for 2 Tracks in 0.0007786750793457031 seconds.


42168 Clauses were created in 0.1056375503540039 seconds.
The Sat-Formula [-1, 2, -3, -4, -5, 6, -7, 8, -9, 10, -11, -12, -13, -14, 15, -16, 17, -18, 19, -20, -21, -22, -23, 24, 25, -26, -27, 28, -29, -30, -31, 32, -33, 34, -35, -36, -37, 38, -39, -40, 41, -42, 43, -44, -45, -46, 47, -48, 49, -50, -51, 52, -53, -54, -55, -56, 57, -58, 59, -60, -61, 62, -63, 64, -65, -66, -67, -68, 69, -70, 71, -72, -73, -74, 75, 76, -77, -78, 79, -80, -81, -82, 83, -84, -85, -86, 87, -88, -89, 90, -190, -221, -252, -283, -314, -345, -376, -407, -438, -469, -500, -531, -562, -593, -624, -655, -686, -717, -748, -779, -810, -841, -872, -903, -934, -965, -996, -1027, -1058, -1089, -191, -220, 192, -250, -193, -280, -194, -310, 195, -340, -196, -370, -197, -400, -198, -430, -199, -460, 200, -490, -201, -520, 202, -550, 203, -580, -204, -610, 205, -640, -206, -670, -207, -700, -208, -730, -209, 760, 210, -790, -211, -820, -212, -850, -213, 880, -214, -910, -215, -940, -216, -970, -217, 1000, -218, -1030, -219, -1060, -222, -251, -223, -281, 224, -311, -225, -341, -226, -371, 227, -401, -228, -431, -229, -461, -230, -491, -231, -521, -232, -551, -233, -581, -234, -611, -235, -641, -236, -671, -237, -701, 238, -731, -239, -761, -240, -791, -241, -821, 242, -851, -243, -881, 244, -911, -245, -941, -246, -971, -247, -1001, 248, -1031, -249, 1061, -253, -282, -254, -312, 255, -342, -256, -372, -257, -402, -258, -432, -259, -462, 260, -492, -261, -522, 262, -552, 263, -582, -264, -612, 265, -642, -266, -672, -267, -702, -268, -732, -269, 762, 270, -792, -271, -822, -272, -852, -273, 882, -274, -912, -275, -942, -276, -972, -277, 1002, -278, -1032, -279, -1062, -284, -313, -285, -343, 286, -373, -287, -403, 288, -433, 289, -463, -290, -493, -291, 523, -292, -553, -293, -583, 294, -613, -295, -643, 296, -673, -297, 703, -298, -733, -299, -763, -300, -793, 301, -823, -302, -853, -303, -883, -304, -913, 305, -943, 306, -973, -307, -1003, -308, -1033, -309, -1063, -315, -344, -316, -374, 317, -404, -318, -434, -319, -464, -320, -494, -321, -524, -322, -554, -323, -584, -324, -614, -325, -644, -326, -674, -327, -704, 328, -734, -329, -764, -330, -794, -331, -824, 332, -854, -333, -884, 334, -914, -335, -944, -336, -974, -337, -1004, 338, -1034, -339, 1064, -346, -375, -347, -405, -348, -435, -349, -465, 350, -495, -351, -525, 352, -555, 353, -585, -354, -615, -355, 645, -356, -675, -357, -705, -358, -735, -359, 765, 360, -795, -361, -825, -362, -855, -363, 885, -364, -915, -365, -945, -366, -975, -367, 1005, -368, -1035, -369, -1065, -377, -406, 378, -436, 379, -466, -380, -496, -381, 526, -382, -556, -383, -586, 384, -616, -385, -646, 386, -676, -387, 706, -388, -736, -389, -766, -390, -796, 391, -826, -392, -856, -393, -886, -394, -916, 395, -946, 396, -976, -397, -1006, -398, -1036, -399, -1066, -408, -437, -409, -467, -410, -497, -411, -527, -412, -557, -413, -587, -414, -617, -415, -647, -416, -677, -417, -707, -418, 737, -419, -767, -420, -797, -421, -827, -422, 857, -423, -887, -424, 917, -425, -947, -426, -977, -427, -1007, -428, 1037, -429, 1067, 439, -468, -440, -498, -441, 528, -442, -558, -443, -588, 444, -618, -445, -648, 446, -678, -447, 708, -448, -738, -449, -768, -450, -798, 451, -828, -452, -858, -453, -888, -454, -918, 455, -948, 456, -978, -457, -1008, -458, -1038, -459, -1068, -470, -499, -471, 529, -472, -559, -473, -589, -474, 619, -475, -649, -476, 679, -477, 709, -478, -739, -479, -769, -480, -799, -481, 829, -482, -859, -483, -889, -484, -919, -485, 949, -486, 979, -487, -1009, -488, -1039, -489, -1069, -501, -530, -502, 560, -503, 590, -504, -620, -505, 650, -506, -680, -507, -710, -508, -740, -509, 770, 510, -800, -511, -830, -512, -860, -513, 890, -514, -920, -515, -950, -516, -980, -517, 1010, -518, -1040, -519, -1070, -532, -561, -533, -591, 534, -621, -535, -651, 536, -681, 537, -711, -538, -741, -539, -771, -540, -801, 541, -831, -542, -861, -543, -891, -544, -921, 545, -951, 546, -981, -547, -1011, -548, -1041, -549, -1071, -563, 592, -564, -622, -565, 652, -566, -682, -567, -712, -568, -742, -569, 772, 570, -802, -571, -832, -572, -862, -573, 892, -574, -922, -575, -952, -576, -982, -577, 1012, -578, -1042, -579, -1072, -594, -623, -595, 653, -596, -683, -597, -713, -598, -743, -599, 773, 600, -803, -601, -833, -602, -863, -603, 893, -604, -923, -605, -953, -606, -983, -607, 1013, -608, -1043, -609, -1073, -625, -654, -626, 684, -627, 714, -628, -744, -629, -774, -630, -804, 631, -834, -632, -864, -633, -894, -634, -924, -635, 954, 636, -984, -637, -1014, -638, -1044, -639, -1074, -656, -685, -657, -715, -658, -745, -659, 775, 660, -805, -661, -835, -662, -865, -663, 895, -664, -925, -665, -955, -666, -985, -667, 1015, -668, -1045, -669, -1075, -687, 716, -688, -746, -689, -776, -690, -806, 691, -836, -692, -866, -693, -896, -694, -926, 695, -956, 696, -986, -697, -1016, -698, -1046, -699, -1076, -718, -747, -719, -777, -720, -807, 721, -837, -722, -867, -723, -897, -724, -927, 725, -957, 726, -987, -727, -1017, -728, -1047, -729, -1077, -749, -778, -750, -808, -751, -838, -752, 868, -753, -898, -754, 928, -755, -958, -756, -988, -757, -1018, -758, 1048, -759, 1078, 780, -809, -781, -839, -782, -869, -783, 899, -784, -929, -785, -959, -786, -989, 787, -1019, -788, -1049, -789, -1079, -811, -840, -812, -870, -813, 900, -814, -930, -815, -960, -816, -990, -817, 1020, -818, -1050, -819, -1080, -842, -871, -843, -901, -844, -931, -845, 961, -846, 991, -847, -1021, -848, -1051, -849, -1081, -873, -902, -874, 932, -875, -962, -876, -992, -877, -1022, -878, 1052, -879, 1082, -904, -933, -905, -963, -906, -993, 907, -1023, -908, -1053, -909, -1083, -935, -964, -936, -994, -937, -1024, -938, 1054, -939, 1084, 966, -995, -967, -1025, -968, -1055, -969, -1085, -997, -1026, -998, -1056, -999, -1086, -1028, -1057, -1029, -1087, -1059, 1088]
calculated to True in 0.004351139068603516 seconds.

The TLP has the following configuration: 

  ----  12  ----  18  ----  4  ----  7  ----  9  ----  17  ----  26  ----  15  ----  27  ----  22  ----  10  ---- 
  ----  24  ----  20  ----  28  ----  1  ----  3  ----  16  ----  6  ----  14  ----  13  ----  11  ----  21  ---- 
  ----  30  ----  2  ----  5  ----  29  ----  25  ----  23  ----  19  ----  8  ---- 

------------------------
File: grafo1958.30.gml with 30 Nodes and 33.0 Edges
------------
26193 Clauses were created in 0.09572863578796387 seconds.
No Solution found for 1 Tracks in 0.00011515617370605469 seconds.


31385 Clauses were created in 0.0980978012084961 seconds.
No Solution found for 2 Tracks in 0.002317667007446289 seconds.


40431 Clauses were created in 0.10580968856811523 seconds.
The Sat-Formula [-1, -2, 3, 4, -5, -6, 7, -8, -9, -10, -11, 12, -13, -14, 15, 16, -17, -18, 19, -20, -21, 22, -23, -24, 25, -26, -27, 28, -29, -30, -31, 32, -33, -34, 35, -36, -37, 38, -39, -40, 41, -42, 43, -44, -45, -46, 47, -48, -49, 50, -51, -52, 53, -54, -55, 56, -57, -58, 59, -60, 61, -62, -63, -64, -65, 66, 67, -68, -69, -70, -71, 72, -73, 74, -75, 76, -77, -78, 79, -80, -81, 82, -83, -84, -85, -86, 87, -88, 89, -90, -190, -221, -252, -283, -314, -345, -376, -407, -438, -469, -500, -531, -562, -593, -624, -655, -686, -717, -748, -779, -810, -841, -872, -903, -934, -965, -996, -1027, -1058, -1089, -191, -220, -192, -250, -193, 280, -194, 310, -195, -340, -196, -370, -197, -400, -198, -430, -199, -460, -200, -490, -201, -520, -202, -550, -203, -580, -204, -610, -205, -640, -206, -670, -207, -700, -208, -730, -209, -760, -210, -790, 211, -820, -212, -850, -213, 880, -214, -910, -215, -940, -216, -970, -217, -1000, 218, -1030, -219, -1060, 222, -251, -223, -281, -224, -311, -225, 341, -226, 371, -227, 401, -228, 431, -229, 461, -230, -491, -231, -521, -232, -551, -233, -581, -234, 611, -235, -641, -236, -671, -237, -701, -238, -731, -239, -761, 240, -791, -241, -821, 242, -851, -243, -881, -244, -911, -245, 941, -246, 971, 247, -1001, -248, -1031, -249, -1061, -253, -282, -254, -312, -255, 342, -256, 372, -257, 402, -258, 432, -259, 462, -260, -492, -261, -522, -262, -552, -263, -582, -264, 612, -265, -642, -266, -672, -267, -702, -268, -732, -269, -762, 270, -792, -271, -822, 272, -852, -273, -882, -274, -912, -275, 942, -276, 972, 277, -1002, -278, -1032, -279, -1062, -284, 313, -285, -343, -286, -373, -287, -403, -288, -433, -289, -463, -290, -493, -291, -523, -292, -553, -293, -583, -294, -613, -295, -643, -296, -673, -297, -703, -298, -733, -299, -763, -300, -793, 301, -823, -302, -853, 303, -883, -304, -913, -305, -943, -306, -973, -307, -1003, 308, -1033, -309, -1063, -315, -344, -316, -374, -317, -404, -318, -434, -319, -464, -320, -494, -321, -524, -322, -554, -323, -584, -324, -614, -325, -644, -326, -674, -327, -704, -328, -734, -329, -764, -330, -794, 331, -824, -332, -854, 333, -884, -334, -914, -335, -944, -336, -974, -337, -1004, 338, -1034, -339, -1064, 346, -375, 347, -405, 348, -435, -349, 465, -350, -495, -351, -525, -352, -555, -353, -585, 354, -615, -355, -645, -356, -675, -357, -705, -358, -735, -359, -765, 360, -795, -361, -825, 362, -855, -363, -885, -364, -915, 365, -945, 366, -975, 367, -1005, -368, -1035, -369, -1065, -377, 406, -378, 436, -379, 466, -380, -496, -381, -526, -382, -556, -383, -586, 384, -616, -385, -646, -386, -676, -387, -706, -388, -736, -389, -766, 390, -796, -391, -826, 392, -856, -393, -886, -394, -916, 395, -946, 396, -976, 397, -1006, -398, -1036, -399, -1066, -408, 437, -409, 467, -410, -497, -411, -527, -412, -557, -413, -587, 414, -617, -415, -647, -416, -677, -417, -707, -418, -737, -419, -767, 420, -797, -421, -827, 422, -857, -423, -887, -424, -917, 425, -947, 426, -977, 427, -1007, -428, -1037, -429, -1067, -439, 468, -440, -498, -441, -528, -442, -558, -443, -588, 444, -618, -445, -648, -446, -678, -447, -708, -448, -738, -449, -768, 450, -798, -451, -828, 452, -858, -453, -888, -454, -918, 455, -948, 456, -978, 457, -1008, -458, -1038, -459, -1068, -470, -499, -471, -529, -472, -559, -473, -589, 474, -619, -475, -649, -476, -679, -477, -709, -478, -739, -479, -769, 480, -799, -481, -829, 482, -859, -483, -889, -484, -919, 485, -949, 486, -979, 487, -1009, -488, -1039, -489, -1069, -501, 530, -502, 560, -503, 590, -504, -620, -505, 650, -506, 680, -507, 710, -508, 740, -509, 770, -510, -800, -511, -830, -512, -860, -513, -890, 514, -920, -515, -950, -516, -980, -517, -1010, -518, -1040, -519, 1070, 532, -561, 533, -591, -534, -621, 535, -651, 536, -681, 537, -711, 538, -741, 539, -771, -540, -801, -541, -831, -542, -861, -543, -891, 544, -921, -545, -951, -546, -981, -547, -1011, -548, -1041, 549, -1071, -563, 592, -564, -622, 565, -652, 566, -682, 567, -712, 568, -742, 569, -772, -570, -802, -571, -832, -572, -862, -573, -892, 574, -922, -575, -952, -576, -982, -577, -1012, -578, -1042, 579, -1072, -594, -623, 595, -653, 596, -683, 597, -713, 598, -743, 599, -773, -600, -803, -601, -833, -602, -863, -603, -893, 604, -923, -605, -953, -606, -983, -607, -1013, -608, -1043, 609, -1073, -625, -654, -626, -684, -627, -714, -628, -744, -629, -774, 630, -804, -631, -834, 632, -864, -633, -894, -634, -924, 635, -954, 636, -984, 637, -1014, -638, -1044, -639, -1074, -656, 685, 657, -715, 658, -745, 659, -775, -660, -805, -661, -835, -662, -865, -663, -895, 664, -925, -665, -955, -666, -985, -667, -1015, -668, -1045, 669, -1075, 687, -716, 688, -746, 689, -776, -690, -806, -691, -836, -692, -866, -693, -896, 694, -926, -695, -956, -696, -986, -697, -1016, -698, -1046, 699, -1076, 718, -747, 719, -777, -720, -807, -721, -837, -722, -867, -723, -897, 724, -927, -725, -957, -726, -987, -727, -1017, -728, -1047, 729, -1077, 749, -778, -750, -808, -751, -838, -752, -868, -753, -898, 754, -928, -755, -958, -756, -988, -757, -1018, -758, -1048, -759, 1078, -780, -809, -781, -839, -782, -869, -783, -899, 784, -929, -785, -959, -786, -989, -787, -1019, -788, -1049, -789, 1079, -811, -840, -812, 870, -813, -900, -814, -930, -815, 960, -816, 990, -817, 1020, -818, -1050, -819, -1080, -842, -871, -843, 901, -844, -931, -845, -961, -846, -991, -847, -1021, 848, -1051, -849, -1081, -873, -902, -874, -932, -875, 962, -876, 992, 877, -1022, -878, -1052, -879, -1082, -904, -933, -905, -963, -906, -993, -907, -1023, 908, -1053, -909, -1083, -935, -964, -936, -994, -937, -1024, -938, -1054, -939, 1084, 966, -995, 967, -1025, -968, -1055, -969, -1085, 997, -1026, -998, -1056, -999, -1086, -1028, -1057, -1029, -1087, -1059, -1088]
calculated to True in 0.00471949577331543 seconds.

The TLP has the following configuration: 

  ----  10  ----  6  ----  9  ----  8  ----  7  ----  15  ----  26  ----  27  ----  2  ----  3  ----  23  ----  28  ----  21  ---- 
  ----  12  ----  14  ----  13  ----  17  ----  16  ----  18  ----  30  ----  19  ----  20  ----  11  ----  25  ---- 
  ----  5  ----  4  ----  24  ----  1  ----  22  ----  29  ---- 

------------------------
