File: grafo176.30.gml with 30 Nodes and 35.0 Edges
------------
30742 Clauses were created in 0.07988762855529785 seconds.
No Solution found for 1 Tracks in 0.00011086463928222656 seconds.


32547 Clauses were created in 0.09075570106506348 seconds.
No Solution found for 2 Tracks in 0.0022420883178710938 seconds.


34382 Clauses were created in 0.08721089363098145 seconds.
The Sat-Formula [-1, 2, -3, -4, -5, 6, 7, -8, -9, -10, 11, -12, -13, -14, 15, -16, 17, -18, -19, -20, 21, -22, -23, 24, -25, -26, 27, -28, 29, -30, -31, 32, -33, 34, -35, -36, -37, 38, -39, 40, -41, -42, -43, 44, -45, 46, -47, -48, -49, 50, -51, 52, -53, -54, 55, -56, -57, -58, 59, -60, 61, -62, -63, -64, 65, -66, 67, -68, -69, 70, -71, -72, 73, -74, -75, -76, 77, -78, -79, 80, -81, -82, 83, -84, 85, -86, -87, -88, -89, 90, -190, -221, -252, -283, -314, -345, -376, -407, -438, -469, -500, -531, -562, -593, -624, -655, -686, -717, -748, -779, -810, -841, -872, -903, -934, -965, -996, -1027, -1058, -1089, -191, -220, -192, -250, 193, -280, -194, -310, -195, 340, -196, -370, -197, -400, -198, -430, 199, -460, -200, 490, -201, -520, 202, -550, -203, -580, -204, 610, -205, -640, -206, 670, -207, -700, -208, -730, 209, -760, -210, -790, -211, 820, -212, -850, -213, -880, -214, -910, 215, -940, -216, 970, -217, 1000, -218, -1030, -219, -1060, -222, -251, -223, -281, 224, -311, -225, -341, 226, -371, 227, -401, 228, -431, -229, -461, -230, -491, -231, -521, -232, -551, -233, -581, -234, -611, -235, -641, -236, -671, -237, -701, -238, -731, -239, -761, -240, -791, -241, -821, -242, -851, -243, -881, -244, -911, -245, -941, -246, -971, -247, -1001, -248, -1031, 249, -1061, -253, -282, -254, -312, -255, -342, -256, -372, -257, -402, -258, -432, -259, -462, -260, -492, 261, -522, -262, -552, 263, -582, -264, -612, -265, 642, -266, -672, 267, -702, 268, -732, -269, -762, -270, 792, -271, -822, 272, -852, 273, -882, 274, -912, -275, -942, -276, -972, -277, -1002, 278, -1032, -279, -1062, -284, -313, -285, 343, -286, -373, -287, -403, -288, -433, 289, -463, -290, 493, -291, -523, -292, 553, -293, -583, -294, 613, -295, -643, -296, 673, -297, -703, -298, -733, 299, -763, -300, -793, -301, 823, -302, -853, -303, -883, -304, -913, 305, -943, -306, 973, -307, 1003, -308, -1033, -309, -1063, -315, -344, -316, 374, -317, 404, -318, 434, -319, -464, -320, -494, -321, -524, -322, -554, -323, -584, -324, -614, -325, -644, -326, -674, -327, -704, -328, -734, -329, -764, -330, -794, -331, -824, -332, -854, -333, -884, -334, -914, -335, -944, -336, -974, -337, -1004, -338, -1034, -339, 1064, -346, -375, -347, -405, -348, -435, 349, -465, -350, 495, -351, -525, 352, -555, -353, -585, -354, 615, -355, -645, 356, -675, -357, -705, -358, -735, 359, -765, -360, -795, 361, -825, -362, -855, -363, -885, -364, -915, 365, -945, -366, 975, -367, 1005, -368, -1035, -369, -1065, -377, 406, -378, 436, -379, -466, -380, -496, -381, -526, -382, -556, -383, -586, -384, -616, -385, -646, -386, -676, -387, -706, -388, -736, -389, -766, -390, -796, -391, -826, -392, -856, -393, -886, -394, -916, -395, -946, -396, -976, -397, -1006, -398, -1036, -399, 1066, 408, -437, -409, -467, -410, -497, -411, -527, -412, -557, -413, -587, -414, -617, -415, -647, -416, -677, -417, -707, -418, -737, -419, -767, -420, -797, -421, -827, -422, -857, -423, -887, -424, -917, -425, -947, -426, -977, -427, -1007, -428, -1037, 429, -1067, -439, -468, -440, -498, -441, -528, -442, -558, -443, -588, -444, -618, -445, -648, -446, -678, -447, -708, -448, -738, -449, -768, -450, -798, -451, -828, -452, -858, -453, -888, -454, -918, -455, -948, -456, -978, -457, -1008, -458, -1038, -459, 1068, -470, 499, -471, -529, -472, 559, -473, -589, -474, 619, -475, -649, -476, 679, -477, -709, -478, -739, -479, 769, -480, -799, -481, 829, -482, -859, -483, -889, -484, -919, -485, 949, -486, 979, -487, 1009, -488, -1039, -489, -1069, -501, -530, 502, -560, -503, -590, 504, -620, -505, -650, 506, -680, -507, -710, -508, -740, 509, -770, -510, -800, 511, -830, -512, -860, -513, -890, -514, -920, 515, -950, -516, 980, 517, -1010, -518, -1040, -519, -1070, -532, -561, -533, 591, -534, -621, -535, 651, -536, -681, 537, -711, 538, -741, -539, -771, -540, 801, -541, -831, -542, 861, -543, 891, -544, 921, -545, -951, -546, -981, -547, -1011, -548, 1041, -549, -1071, -563, -592, -564, 622, -565, -652, -566, 682, -567, -712, -568, -742, 569, -772, -570, -802, -571, 832, -572, -862, -573, -892, -574, -922, 575, -952, -576, 982, -577, 1012, -578, -1042, -579, -1072, -594, -623, -595, 653, -596, -683, 597, -713, 598, -743, -599, -773, -600, 803, -601, -833, -602, 863, 603, -893, 604, -923, -605, -953, -606, -983, -607, -1013, -608, 1043, -609, -1073, -625, -654, 626, -684, -627, -714, -628, -744, 629, -774, -630, -804, 631, -834, -632, -864, -633, -894, -634, -924, 635, -954, -636, 984, 637, -1014, -638, -1044, -639, -1074, -656, -685, 657, -715, 658, -745, -659, -775, -660, 805, -661, -835, 662, -865, 663, -895, 664, -925, -665, -955, -666, -985, -667, -1015, 668, -1045, -669, -1075, -687, -716, -688, -746, 689, -776, -690, -806, 691, -836, -692, -866, -693, -896, -694, -926, 695, -956, -696, 986, -697, 1016, -698, -1046, -699, -1076, 718, -747, -719, -777, -720, 807, -721, -837, -722, 867, -723, 897, -724, 927, -725, -957, -726, -987, -727, -1017, -728, 1047, -729, -1077, -749, -778, -750, 808, -751, -838, -752, 868, -753, 898, -754, 928, -755, -958, -756, -988, -757, -1018, -758, 1048, -759, -1078, -780, -809, -781, 839, -782, -869, -783, -899, -784, -929, -785, 959, -786, 989, -787, 1019, -788, -1049, -789, -1079, -811, -840, 812, -870, 813, -900, 814, -930, -815, -960, -816, -990, -817, -1020, 818, -1050, -819, -1080, -842, -871, -843, -901, -844, -931, 845, -961, -846, 991, -847, 1021, -848, -1051, -849, -1081, 873, -902, 874, -932, -875, -962, -876, -992, -877, -1022, -878, 1052, -879, -1082, -904, 933, -905, -963, -906, -993, -907, -1023, -908, 1053, -909, -1083, -935, -964, -936, -994, -937, -1024, -938, 1054, -939, -1084, -966, 995, -967, 1025, -968, -1055, -969, -1085, 997, -1026, -998, -1056, -999, -1086, -1028, -1057, -1029, -1087, -1059, -1088, -1091, 1092, 1093, 1094, 1095, 1096, -1097, -1098, 1099, 1100, 1101, 1102, 1103, 1104, 1105, 1106, -1107, -1108, 1109, 1110, 1111, 1112, 1113, 1114, 1115, 1116, 1117, 1118, -1119, 1122, 1123, 1124, -1125, 1126, 1127, 1128, 1129, -1130, 1131, 1132, -1133, -1134, -1135, 1136, -1137, 1138, 1139, 1140, 1141, -1142, -1143, 1144, 1145, -1146, 1147, -1148, 1149, 1153, 1154, 1155, 1156, 1157, 1158, 1159, 1160, 1161, 1162, 1163, 1164, 1165, 1166, 1167, 1168, 1169, 1170, 1171, 1172, 1173, 1174, 1175, 1176, 1177, 1178, 1179, 1184, 1185, 1186, 1187, 1188, 1189, 1190, 1191, 1192, -1193, 1194, 1195, 1196, 1197, 1198, 1199, 1200, 1201, -1202, 1203, 1204, 1205, 1206, 1207, -1208, 1209, -1215, 1216, 1217, 1218, -1219, -1220, 1221, 1222, 1223, 1224, 1225, -1226, 1227, 1228, 1229, 1230, -1231, 1232, 1233, 1234, 1235, 1236, 1237, 1238, 1239, 1246, -1247, -1248, 1249, 1250, 1251, 1252, -1253, 1254, 1255, 1256, 1257, 1258, 1259, 1260, 1261, -1262, -1263, 1264, 1265, 1266, 1267, -1268, -1269, 1277, 1278, 1279, -1280, 1281, 1282, 1283, 1284, 1285, -1286, 1287, -1288, 1289, 1290, 1291, 1292, 1293, 1294, 1295, -1296, -1297, 1298, 1299, 1308, 1309, -1310, 1311, 1312, -1313, -1314, 1315, 1316, -1317, 1318, 1319, -1320, 1321, -1322, -1323, 1324, 1325, -1326, -1327, -1328, 1329, 1339, 1340, 1341, 1342, -1343, 1344, -1345, 1346, 1347, -1348, 1349, 1350, 1351, 1352, 1353, 1354, 1355, 1356, 1357, 1358, 1359, 1370, 1371, 1372, -1373, 1374, -1375, 1376, 1377, -1378, 1379, -1380, 1381, 1382, 1383, -1384, 1385, 1386, 1387, 1388, 1389, 1401, 1402, 1403, 1404, 1405, 1406, 1407, 1408, 1409, 1410, 1411, -1412, -1413, 1414, 1415, 1416, 1417, -1418, 1419, -1432, 1433, 1434, 1435, 1436, 1437, 1438, 1439, 1440, 1441, 1442, 1443, 1444, 1445, 1446, 1447, 1448, 1449, -1463, 1464, -1465, 1466, 1467, 1468, 1469, -1470, 1471, -1472, -1473, 1474, 1475, 1476, 1477, -1478, 1479, 1494, 1495, 1496, 1497, 1498, -1499, 1500, 1501, 1502, 1503, 1504, -1505, 1506, 1507, 1508, -1509, -1525, 1526, 1527, 1528, 1529, 1530, 1531, 1532, 1533, 1534, 1535, 1536, 1537, 1538, -1539, -1556, 1557, 1558, -1559, 1560, -1561, 1562, 1563, 1564, 1565, 1566, -1567, 1568, -1569, 1587, 1588, 1589, -1590, 1591, 1592, 1593, 1594, 1595, 1596, 1597, 1598, 1599, 1618, 1619, 1620, 1621, 1622, 1623, 1624, 1625, 1626, 1627, 1628, -1629, -1649, 1650, 1651, 1652, 1653, 1654, 1655, 1656, 1657, 1658, 1659, -1680, 1681, -1682, -1683, 1684, 1685, 1686, 1687, -1688, 1689, 1711, 1712, 1713, 1714, 1715, 1716, -1717, 1718, -1719, -1742, -1743, 1744, 1745, 1746, 1747, -1748, 1749, 1773, 1774, -1775, 1776, 1777, 1778, -1779, 1804, 1805, 1806, 1807, 1808, -1809, 1835, 1836, 1837, 1838, 1839, 1866, 1867, -1868, 1869, 1897, -1898, -1899, -1928, -1929, -1959]
calculated to True in 0.019635677337646484 seconds.

The TLP has the following configuration: 

  ----  21  ----  16  ----  3  ----  29  ----  23  ----  14  ----  25  ----  24  ----  12  ----  18  ----  19  ---- 
  ----  27  ----  11  ----  15  ----  28  ----  6  ----  17  ----  22  ----  1  ----  13  ----  4  ----  26  ----  20  ----  10  ---- 
  ----  2  ----  8  ----  30  ----  9  ----  7  ----  5  ---- 

------------------------
File: grafo358.30.gml with 30 Nodes and 39.0 Edges
------------
31858 Clauses were created in 0.08401036262512207 seconds.
No Solution found for 1 Tracks in 9.059906005859375e-05 seconds.


33667 Clauses were created in 0.08106255531311035 seconds.
No Solution found for 2 Tracks in 0.0010154247283935547 seconds.


35506 Clauses were created in 0.11042666435241699 seconds.
No Solution found for 3 Tracks in 0.2412245273590088 seconds.


37375 Clauses were created in 0.10587477684020996 seconds.
The Sat-Formula [-1, 2, -3, -4, -5, -6, 7, -8, 9, -10, -11, -12, 13, -14, -15, -16, -17, 18, -19, -20, 21, -22, -23, -24, -25, -26, 27, -28, 29, -30, -31, -32, -33, -34, -35, 36, -37, 38, -39, -40, -41, 42, -43, -44, -45, -46, 47, -48, -49, 50, -51, -52, 53, -54, -55, -56, -57, -58, -59, 60, 61, -62, -63, -64, -65, -66, -67, 68, -69, -70, 71, -72, -73, 74, -75, -76, 77, -78, -79, -80, 81, -82, -83, -84, 85, -86, -87, -88, -89, -90, 91, -92, -93, -94, -95, 96, -97, 98, -99, -100, 101, -102, -103, -104, -105, 106, -107, -108, -109, -110, -111, 112, -113, -114, -115, 116, -117, -118, 119, -120, -220, -251, -282, -313, -344, -375, -406, -437, -468, -499, -530, -561, -592, -623, -654, -685, -716, -747, -778, -809, -840, -871, -902, -933, -964, -995, -1026, -1057, -1088, -1119, -221, -250, -222, -280, -223, -310, -224, 340, -225, -370, -226, -400, -227, -430, -228, -460, 229, -490, -230, 520, -231, -550, 232, -580, -233, -610, -234, -640, -235, -670, -236, -700, -237, -730, -238, 760, -239, -790, -240, -820, -241, -850, -242, -880, -243, -910, -244, 940, -245, -970, -246, 1000, -247, -1030, -248, -1060, -249, -1090, -252, -281, -253, -311, -254, -341, -255, -371, -256, 401, -257, -431, -258, -461, -259, -491, -260, -521, -261, 551, -262, -581, -263, -611, -264, -641, -265, -671, -266, -701, -267, 731, -268, -761, -269, -791, -270, -821, -271, -851, -272, 881, -273, -911, -274, -941, -275, -971, -276, -1001, -277, -1031, -278, -1061, -279, 1091, 283, -312, -284, -342, -285, 372, -286, -402, 287, -432, -288, -462, -289, -492, -290, -522, -291, -552, -292, -582, 293, -612, -294, -642, -295, 672, -296, -702, -297, -732, -298, -762, 299, -792, 300, -822, 301, -852, -302, -882, -303, -912, -304, -942, 305, -972, -306, -1002, -307, -1032, -308, -1062, -309, -1092, -314, -343, -315, 373, -316, -403, 317, -433, -318, -463, -319, -493, -320, -523, -321, -553, -322, -583, 323, -613, -324, -643, -325, 673, -326, -703, -327, -733, -328, -763, -329, 793, 330, -823, 331, -853, -332, -883, -333, -913, -334, -943, 335, -973, -336, -1003, -337, -1033, -338, -1063, -339, -1093, -345, -374, -346, -404, -347, -434, -348, -464, 349, -494, 350, -524, -351, -554, 352, -584, -353, -614, -354, -644, -355, -674, -356, -704, -357, -734, -358, 764, -359, -794, -360, -824, -361, -854, -362, -884, -363, -914, -364, 944, -365, -974, 366, -1004, -367, -1034, -368, -1064, -369, -1094, -376, -405, 377, -435, -378, -465, -379, -495, -380, -525, -381, -555, -382, -585, 383, -615, -384, -645, 385, -675, -386, -705, -387, -735, -388, -765, 389, -795, 390, -825, 391, -855, -392, -885, -393, -915, -394, -945, 395, -975, -396, -1005, -397, -1035, -398, -1065, -399, -1095, -407, -436, -408, -466, -409, -496, -410, -526, -411, 556, -412, -586, -413, -616, -414, -646, -415, -676, -416, -706, -417, 736, -418, -766, -419, -796, -420, -826, -421, -856, -422, 886, -423, -916, -424, -946, -425, -976, -426, -1006, -427, -1036, -428, -1066, -429, 1096, -438, -467, -439, -497, -440, -527, -441, -557, -442, -587, 443, -617, -444, -647, -445, 677, -446, -707, -447, -737, -448, -767, -449, 797, 450, -827, 451, -857, -452, -887, -453, -917, -454, -947, 455, -977, -456, -1007, -457, -1037, -458, -1067, -459, -1097, -469, -498, -470, -528, -471, -558, -472, -588, -473, -618, -474, 648, -475, -678, -476, 708, -477, -738, -478, -768, -479, -798, -480, -828, -481, -858, -482, -888, 483, -918, -484, -948, -485, -978, -486, -1008, -487, 1038, -488, 1068, -489, -1098, -500, 529, -501, -559, -502, 589, -503, -619, -504, -649, -505, -679, -506, -709, -507, -739, -508, 769, -509, -799, -510, -829, -511, -859, -512, -889, -513, -919, -514, 949, -515, -979, -516, 1009, -517, -1039, -518, -1069, -519, -1099, -531, -560, 532, -590, -533, -620, -534, -650, -535, -680, -536, -710, -537, -740, -538, 770, -539, -800, -540, -830, -541, -860, -542, -890, -543, -920, -544, 950, -545, -980, -546, 1010, -547, -1040, -548, -1070, -549, -1100, -562, -591, -563, -621, -564, -651, -565, -681, -566, -711, 567, -741, -568, -771, -569, -801, -570, -831, -571, -861, -572, 891, -573, -921, -574, -951, -575, -981, -576, -1011, -577, -1041, -578, -1071, -579, 1101, -593, -622, -594, -652, -595, -682, -596, -712, -597, -742, -598, 772, -599, -802, -600, -832, -601, -862, -602, -892, -603, -922, -604, 952, -605, -982, -606, 1012, -607, -1042, -608, -1072, -609, -1102, -624, -653, -625, 683, -626, -713, -627, -743, -628, -773, -629, 803, 630, -833, 631, -863, -632, -893, -633, -923, -634, -953, 635, -983, -636, -1013, -637, -1043, -638, -1073, -639, -1103, -655, -684, 656, -714, -657, -744, -658, -774, -659, -804, -660, -834, -661, -864, -662, -894, 663, -924, -664, -954, -665, -984, -666, -1014, -667, 1044, -668, 1074, -669, -1104, -686, -715, -687, -745, -688, -775, 689, -805, 690, -835, 691, -865, -692, -895, -693, -925, -694, -955, 695, -985, -696, -1015, -697, -1045, -698, -1075, -699, -1105, -717, -746, -718, -776, -719, -806, -720, -836, -721, -866, -722, -896, 723, -926, -724, -956, -725, -986, -726, -1016, -727, 1046, -728, 1076, -729, -1106, -748, -777, -749, -807, -750, -837, -751, -867, -752, 897, -753, -927, -754, -957, -755, -987, -756, -1017, -757, -1047, -758, -1077, -759, 1107, -779, -808, -780, -838, -781, -868, -782, -898, -783, -928, 784, -958, -785, -988, 786, -1018, -787, -1048, -788, -1078, -789, -1108, 810, -839, 811, -869, -812, -899, -813, -929, -814, -959, 815, -989, -816, -1019, -817, -1049, -818, -1079, -819, -1109, -841, 870, -842, -900, -843, -930, -844, -960, 845, -990, -846, -1020, -847, -1050, -848, -1080, -849, -1110, -872, -901, -873, -931, -874, -961, 875, -991, -876, -1021, -877, -1051, -878, -1081, -879, -1111, -903, -932, -904, -962, -905, -992, -906, -1022, -907, -1052, -908, -1082, -909, 1112, -934, -963, -935, -993, -936, -1023, -937, 1053, -938, 1083, -939, -1113, -965, -994, 966, -1024, -967, -1054, -968, -1084, -969, -1114, -996, -1025, -997, -1055, -998, -1085, -999, -1115, -1027, -1056, -1028, -1086, -1029, -1116, 1058, -1087, -1059, -1117, -1089, -1118, -1121, -1122, -1123, 1124, -1125, -1126, -1127, -1128, 1129, 1130, -1131, 1132, -1133, -1134, -1135, -1136, -1137, 1138, -1139, -1140, -1141, -1142, -1143, 1144, -1145, 1146, -1147, -1148, -1149, -1152, -1153, -1154, -1155, 1156, -1157, -1158, -1159, -1160, 1161, -1162, -1163, 1164, -1165, 1166, 1167, -1168, -1169, 1170, -1171, 1172, -1173, -1174, -1175, -1176, 1177, 1178, 1179, 1183, -1184, 1185, -1186, 1187, -1188, 1189, -1190, 1191, 1192, 1193, -1194, 1195, -1196, -1197, -1198, 1199, 1200, 1201, -1202, -1203, -1204, 1205, -1206, -1207, -1208, -1209, -1214, 1215, -1216, 1217, -1218, 1219, -1220, -1221, 1222, 1223, -1224, 1225, -1226, -1227, -1228, 1229, 1230, 1231, -1232, -1233, -1234, 1235, 1236, -1237, -1238, -1239, -1245, 1246, -1247, -1248, 1249, 1250, -1251, 1252, -1253, -1254, -1255, -1256, -1257, 1258, 1259, -1260, 1261, -1262, 1263, 1264, -1265, 1266, -1267, -1268, -1269, -1276, 1277, -1278, -1279, -1280, -1281, 1282, 1283, -1284, 1285, 1286, -1287, 1288, 1289, 1290, 1291, 1292, -1293, -1294, 1295, 1296, -1297, -1298, 1299, -1307, -1308, 1309, 1310, 1311, -1312, -1313, -1314, -1315, -1316, 1317, 1318, -1319, -1320, -1321, 1322, -1323, 1324, -1325, 1326, -1327, -1328, 1329, -1338, -1339, -1340, -1341, 1342, 1343, -1344, 1345, 1346, -1347, -1348, 1349, 1350, 1351, 1352, -1353, -1354, 1355, 1356, -1357, -1358, -1359, -1369, -1370, 1371, -1372, -1373, 1374, -1375, 1376, 1377, -1378, -1379, -1380, -1381, -1382, 1383, -1384, -1385, -1386, 1387, 1388, 1389, 1400, -1401, 1402, 1403, -1404, -1405, -1406, 1407, 1408, 1409, 1410, 1411, -1412, 1413, 1414, -1415, 1416, -1417, -1418, -1419, -1431, 1432, -1433, -1434, -1435, -1436, -1437, 1438, -1439, -1440, 1441, -1442, 1443, 1444, -1445, 1446, -1447, -1448, -1449, -1462, -1463, 1464, -1465, 1466, 1467, -1468, -1469, -1470, -1471, 1472, -1473, -1474, -1475, -1476, -1477, -1478, 1479, 1493, -1494, 1495, -1496, -1497, 1498, 1499, 1500, 1501, -1502, -1503, 1504, 1505, 1506, -1507, -1508, -1509, -1524, 1525, -1526, -1527, -1528, 1529, 1530, 1531, -1532, -1533, -1534, 1535, -1536, -1537, 1538, -1539, -1555, 1556, 1557, -1558, 1559, -1560, -1561, 1562, 1563, -1564, -1565, -1566, 1567, 1568, 1569, -1586, -1587, -1588, 1589, 1590, 1591, -1592, -1593, -1594, 1595, -1596, -1597, -1598, -1599, 1617, -1618, -1619, -1620, -1621, -1622, 1623, -1624, -1625, -1626, 1627, 1628, 1629, -1648, -1649, -1650, -1651, 1652, -1653, -1654, -1655, -1656, -1657, -1658, 1659, -1679, -1680, 1681, -1682, 1683, 1684, -1685, 1686, -1687, -1688, 1689, 1710, 1711, 1712, -1713, -1714, 1715, 1716, -1717, 1718, -1719, 1741, 1742, -1743, -1744, 1745, 1746, -1747, -1748, -1749, 1772, -1773, 1774, 1775, 1776, -1777, -1778, -1779, -1803, -1804, 1805, 1806, -1807, -1808, 1809, 1834, -1835, -1836, 1837, 1838, -1839, -1865, 1866, -1867, -1868, -1869, 1896, -1897, -1898, -1899, -1927, -1928, -1929, 1958, -1959, 1989]
calculated to True in 0.004801273345947266 seconds.

The TLP has the following configuration: 

  ----  6  ----  16  ----  3  ----  20  ----  4  ----  8  ----  14  ----  22  ----  21  ----  26  ---- 
  ----  19  ----  25  ----  5  ----  27  ----  11  ----  1  ----  13  ----  10  ---- 
  ----  30  ----  23  ----  12  ----  18  ----  7  ----  2  ---- 
  ----  28  ----  29  ----  15  ----  17  ----  9  ----  24  ---- 

------------------------
File: grafo1246.30.gml with 30 Nodes and 36.0 Edges
------------
31143 Clauses were created in 0.11884188652038574 seconds.
No Solution found for 1 Tracks in 0.00012063980102539062 seconds.


32949 Clauses were created in 0.08710074424743652 seconds.
No Solution found for 2 Tracks in 0.0013377666473388672 seconds.


34785 Clauses were created in 0.0888357162475586 seconds.
No Solution found for 3 Tracks in 0.5688292980194092 seconds.


36651 Clauses were created in 0.09084677696228027 seconds.
The Sat-Formula [-1, -2, -3, 4, -5, -6, 7, -8, -9, -10, 11, -12, 13, -14, -15, -16, -17, -18, 19, -20, 21, -22, -23, -24, -25, 26, -27, -28, -29, -30, 31, -32, 33, -34, -35, -36, 37, -38, -39, -40, 41, -42, -43, -44, 45, -46, -47, -48, -49, -50, -51, 52, -53, -54, 55, -56, -57, -58, -59, 60, 61, -62, -63, -64, -65, 66, -67, -68, 69, -70, -71, -72, -73, 74, -75, -76, -77, 78, -79, -80, -81, 82, -83, -84, -85, -86, -87, 88, -89, 90, -91, -92, -93, 94, -95, -96, 97, -98, -99, -100, -101, 102, -103, -104, 105, -106, -107, -108, -109, -110, 111, -112, -113, -114, -115, 116, -117, -118, 119, -120, -220, -251, -282, -313, -344, -375, -406, -437, -468, -499, -530, -561, -592, -623, -654, -685, -716, -747, -778, -809, -840, -871, -902, -933, -964, -995, -1026, -1057, -1088, -1119, -221, -250, -222, -280, -223, -310, -224, -340, -225, -370, -226, -400, -227, -430, -228, -460, -229, -490, -230, -520, -231, -550, 232, -580, -233, -610, 234, -640, -235, -670, -236, -700, -237, -730, -238, -760, -239, -790, -240, -820, 241, -850, -242, -880, -243, -910, -244, -940, -245, -970, -246, -1000, -247, -1030, -248, 1060, -249, -1090, -252, 281, -253, -311, -254, 341, -255, -371, -256, -401, 257, -431, -258, -461, -259, -491, -260, -521, -261, -551, -262, -581, -263, 611, -264, -641, -265, -671, -266, -701, -267, -731, -268, -761, -269, -791, -270, -821, -271, -851, -272, -881, -273, -911, -274, -941, -275, -971, -276, -1001, 277, -1031, -278, -1061, 279, -1091, -283, -312, -284, 342, -285, -372, -286, -402, 287, -432, -288, -462, -289, -492, -290, -522, -291, -552, -292, -582, 293, -612, -294, -642, -295, -672, -296, -702, -297, -732, -298, -762, -299, -792, -300, -822, -301, -852, -302, -882, -303, -912, -304, -942, -305, -972, -306, -1002, 307, -1032, -308, -1062, 309, -1092, -314, -343, -315, 373, -316, -403, -317, -433, 318, -463, -319, 493, 320, -523, -321, 553, -322, -583, -323, -613, -324, -643, 325, -673, -326, -703, 327, -733, -328, -763, -329, -793, -330, -823, -331, -853, -332, -883, -333, -913, 334, -943, -335, -973, 336, -1003, -337, -1033, -338, -1063, -339, -1093, -345, -374, -346, -404, 347, -434, -348, -464, -349, -494, -350, -524, -351, -554, -352, -584, 353, -614, -354, -644, -355, -674, -356, -704, -357, -734, -358, -764, -359, -794, -360, -824, -361, -854, -362, -884, -363, -914, -364, -944, -365, -974, -366, -1004, 367, -1034, -368, -1064, 369, -1094, -376, -405, -377, -435, 378, -465, 379, -495, 380, -525, 381, -555, -382, -585, -383, -615, -384, -645, 385, -675, -386, -705, 387, -735, -388, -765, -389, -795, -390, -825, -391, -855, -392, -885, -393, -915, 394, -945, -395, -975, 396, -1005, -397, -1035, -398, -1065, -399, -1095, -407, -436, -408, -466, -409, -496, -410, -526, -411, -556, -412, -586, -413, -616, -414, -646, -415, -676, -416, 706, -417, -736, -418, 766, -419, 796, -420, 826, -421, -856, 422, -886, -423, 916, -424, -946, -425, 976, -426, -1006, -427, -1036, -428, -1066, -429, -1096, -438, -467, -439, -497, -440, -527, -441, -557, -442, -587, -443, 617, -444, -647, -445, -677, -446, -707, -447, -737, -448, -767, -449, -797, -450, -827, -451, -857, -452, -887, -453, -917, -454, -947, -455, -977, -456, -1007, -457, 1037, -458, -1067, -459, 1097, -469, 498, 470, -528, -471, 558, -472, -588, -473, -618, -474, -648, -475, 678, -476, -708, -477, 738, -478, -768, -479, -798, -480, -828, -481, -858, -482, -888, -483, -918, -484, 948, -485, -978, -486, 1008, -487, -1038, -488, -1068, -489, -1098, 500, -529, -501, 559, -502, -589, -503, -619, -504, -649, 505, -679, -506, -709, 507, -739, -508, -769, -509, -799, -510, -829, -511, -859, -512, -889, -513, -919, 514, -949, -515, -979, 516, -1009, -517, -1039, -518, -1069, -519, -1099, -531, 560, -532, -590, -533, -620, -534, -650, -535, 680, -536, -710, -537, 740, -538, -770, -539, -800, -540, -830, -541, -860, -542, -890, -543, -920, -544, 950, -545, -980, -546, 1010, -547, -1040, -548, -1070, -549, -1100, -562, -591, -563, -621, -564, -651, 565, -681, -566, -711, 567, -741, -568, -771, -569, -801, -570, -831, -571, -861, -572, -891, -573, -921, 574, -951, -575, -981, 576, -1011, -577, -1041, -578, -1071, -579, -1101, -593, -622, 594, -652, -595, -682, -596, -712, -597, -742, -598, -772, -599, -802, -600, -832, -601, 862, -602, -892, -603, -922, -604, -952, -605, -982, -606, -1012, -607, -1042, -608, 1072, -609, -1102, -624, -653, -625, -683, -626, -713, -627, -743, -628, -773, -629, -803, -630, -833, -631, -863, -632, -893, -633, -923, -634, -953, -635, -983, -636, -1013, 637, -1043, -638, -1073, 639, -1103, -655, -684, -656, -714, -657, -744, -658, -774, -659, -804, -660, -834, -661, 864, -662, -894, -663, -924, -664, -954, -665, -984, -666, -1014, -667, -1044, -668, 1074, -669, -1104, -686, -715, 687, -745, -688, -775, -689, -805, -690, -835, -691, -865, -692, -895, -693, -925, -694, 955, -695, -985, 696, -1015, -697, -1045, -698, -1075, -699, -1105, -717, -746, 718, -776, -719, 806, -720, 836, -721, -866, 722, -896, -723, 926, -724, -956, -725, 986, -726, -1016, -727, -1046, -728, -1076, -729, -1106, -748, -777, -749, -807, -750, -837, -751, -867, -752, -897, -753, -927, -754, 957, -755, -987, -756, 1017, -757, -1047, -758, -1077, -759, -1107, -779, 808, -780, 838, -781, -868, 782, -898, -783, 928, -784, -958, -785, 988, -786, -1018, -787, -1048, -788, -1078, -789, -1108, -810, 839, -811, -869, 812, -899, -813, 929, -814, -959, -815, 989, -816, -1019, -817, -1049, -818, -1079, -819, -1109, -841, -870, 842, -900, -843, 930, -844, -960, -845, 990, -846, -1020, -847, -1050, -848, -1080, -849, -1110, -872, -901, -873, -931, -874, -961, -875, -991, -876, -1021, -877, -1051, -878, 1081, -879, -1111, -903, 932, -904, -962, -905, 992, -906, -1022, -907, -1052, -908, -1082, -909, -1112, -934, -963, -935, 993, -936, -1023, -937, -1053, -938, -1083, -939, -1113, -965, -994, 966, -1024, -967, -1054, -968, -1084, -969, -1114, -996, -1025, -997, -1055, -998, -1085, -999, -1115, -1027, -1056, -1028, -1086, -1029, -1116, -1058, -1087, -1059, 1117, -1089, -1118, -1121, 1122, -1123, -1124, -1125, -1126, -1127, -1128, -1129, -1130, -1131, 1132, -1133, 1134, -1135, 1136, -1137, 1138, -1139, -1140, 1141, -1142, -1143, -1144, -1145, -1146, -1147, 1148, -1149, 1152, -1153, 1154, -1155, -1156, 1157, -1158, -1159, -1160, -1161, -1162, 1163, -1164, -1165, 1166, -1167, -1168, -1169, 1170, -1171, -1172, -1173, -1174, -1175, -1176, 1177, 1178, 1179, 1183, 1184, -1185, 1186, 1187, -1188, -1189, 1190, -1191, -1192, 1193, -1194, -1195, 1196, -1197, -1198, -1199, 1200, -1201, 1202, -1203, -1204, -1205, -1206, 1207, -1208, 1209, -1214, 1215, -1216, -1217, 1218, 1219, 1220, 1221, -1222, -1223, -1224, 1225, -1226, 1227, -1228, -1229, -1230, 1231, -1232, -1233, 1234, -1235, 1236, -1237, -1238, -1239, -1245, 1246, 1247, -1248, -1249, 1250, -1251, -1252, 1253, -1254, -1255, 1256, -1257, -1258, -1259, 1260, -1261, 1262, -1263, -1264, -1265, -1266, 1267, 1268, 1269, -1276, -1277, 1278, 1279, 1280, 1281, -1282, 1283, -1284, 1285, -1286, 1287, -1288, -1289, -1290, 1291, -1292, 1293, 1294, -1295, 1296, -1297, -1298, -1299, -1307, -1308, -1309, 1310, -1311, 1312, 1313, 1314, -1315, 1316, 1317, 1318, 1319, 1320, 1321, 1322, 1323, 1324, 1325, -1326, -1327, -1328, -1329, -1338, -1339, 1340, -1341, -1342, 1343, -1344, -1345, 1346, -1347, -1348, -1349, 1350, -1351, -1352, -1353, -1354, -1355, -1356, 1357, -1358, 1359, 1369, 1370, 1371, -1372, 1373, -1374, 1375, -1376, 1377, -1378, 1379, 1380, 1381, 1382, 1383, 1384, 1385, 1386, -1387, -1388, -1389, 1400, 1401, -1402, -1403, -1404, 1405, -1406, 1407, -1408, 1409, -1410, 1411, -1412, -1413, 1414, -1415, 1416, -1417, -1418, -1419, 1431, -1432, -1433, 1434, 1435, -1436, 1437, -1438, -1439, -1440, 1441, 1442, -1443, 1444, -1445, 1446, -1447, -1448, -1449, -1462, -1463, -1464, 1465, -1466, 1467, -1468, 1469, 1470, 1471, -1472, -1473, 1474, -1475, 1476, -1477, -1478, -1479, -1493, 1494, -1495, 1496, -1497, 1498, -1499, -1500, 1501, -1502, -1503, -1504, 1505, -1506, -1507, 1508, -1509, 1524, 1525, 1526, 1527, -1528, 1529, 1530, -1531, 1532, 1533, 1534, 1535, -1536, 1537, -1538, 1539, -1555, 1556, -1557, 1558, -1559, -1560, 1561, 1562, -1563, -1564, 1565, -1566, -1567, 1568, -1569, -1586, 1587, -1588, 1589, 1590, 1591, 1592, 1593, 1594, 1595, 1596, -1597, -1598, -1599, -1617, 1618, 1619, 1620, 1621, 1622, 1623, 1624, 1625, -1626, 1627, 1628, 1629, -1648, 1649, 1650, 1651, 1652, 1653, 1654, 1655, 1656, -1657, -1658, -1659, 1679, 1680, 1681, 1682, 1683, 1684, 1685, -1686, -1687, 1688, -1689, 1710, -1711, 1712, 1713, 1714, 1715, -1716, -1717, -1718, -1719, -1741, 1742, 1743, 1744, 1745, -1746, 1747, -1748, 1749, -1772, 1773, -1774, 1775, 1776, -1777, 1778, -1779, 1803, 1804, 1805, -1806, -1807, -1808, -1809, 1834, 1835, -1836, -1837, -1838, -1839, 1865, 1866, -1867, -1868, -1869, 1896, -1897, -1898, -1899, -1927, -1928, 1929, -1958, 1959, 1989]
calculated to True in 0.004544973373413086 seconds.

The TLP has the following configuration: 

  ----  6  ----  12  ----  10  ----  4  ----  25  ----  16  ----  27  ----  18  ----  9  ----  11  ---- 
  ----  26  ----  24  ----  21  ----  20  ----  17  ----  19  ----  7  ----  23  ---- 
  ----  5  ----  3  ----  14  ----  2  ----  30  ----  28  ----  8  ---- 
  ----  29  ----  1  ----  22  ----  13  ----  15  ---- 

------------------------
File: grafo1334.30.gml with 30 Nodes and 39.0 Edges
------------
31778 Clauses were created in 0.08095383644104004 seconds.
No Solution found for 1 Tracks in 8.869171142578125e-05 seconds.


33587 Clauses were created in 0.0718679428100586 seconds.
No Solution found for 2 Tracks in 0.001081228256225586 seconds.


35426 Clauses were created in 0.08583474159240723 seconds.
No Solution found for 3 Tracks in 0.012720346450805664 seconds.


37295 Clauses were created in 0.09154844284057617 seconds.
The Sat-Formula [-1, -2, -3, 4, 5, -6, -7, -8, 9, -10, -11, -12, -13, -14, -15, 16, -17, 18, -19, -20, 21, -22, -23, -24, 25, -26, -27, -28, -29, -30, 31, -32, -33, -34, 35, -36, 37, -38, -39, -40, -41, -42, -43, 44, -45, -46, 47, -48, -49, -50, 51, -52, 53, -54, -55, -56, -57, -58, 59, -60, -61, -62, -63, 64, 65, -66, -67, -68, 69, -70, -71, -72, -73, 74, -75, -76, -77, -78, -79, 80, -81, -82, -83, 84, -85, -86, -87, 88, -89, 90, -91, -92, -93, -94, 95, -96, -97, -98, 99, -100, -101, -102, 103, -104, 105, -106, -107, -108, -109, 110, -111, -112, -113, 114, -115, -116, -117, 118, -119, -120, -220, -251, -282, -313, -344, -375, -406, -437, -468, -499, -530, -561, -592, -623, -654, -685, -716, -747, -778, -809, -840, -871, -902, -933, -964, -995, -1026, -1057, -1088, -1119, -221, -250, -222, -280, -223, 310, -224, -340, -225, -370, -226, -400, -227, -430, -228, -460, -229, -490, -230, 520, -231, -550, -232, -580, -233, -610, -234, -640, 235, -670, -236, -700, -237, -730, -238, -760, -239, 790, 240, -820, 241, -850, -242, -880, -243, -910, -244, -940, -245, -970, -246, -1000, -247, -1030, -248, -1060, -249, -1090, -252, 281, -253, -311, -254, -341, -255, 371, -256, 401, -257, -431, -258, -461, 259, -491, -260, -521, -261, -551, -262, -581, -263, 611, -264, -641, -265, -671, -266, 701, 267, -731, -268, -761, -269, -791, -270, -821, -271, -851, -272, -881, -273, -911, -274, -941, -275, -971, -276, 1001, -277, -1031, -278, -1061, -279, -1091, -283, -312, -284, -342, -285, 372, -286, 402, -287, -432, -288, -462, 289, -492, -290, -522, -291, -552, -292, -582, -293, 612, -294, -642, -295, -672, -296, 702, 297, -732, -298, -762, -299, -792, -300, -822, -301, -852, -302, -882, -303, -912, -304, -942, -305, -972, -306, 1002, -307, -1032, -308, -1062, -309, -1092, -314, -343, -315, -373, -316, -403, -317, -433, -318, -463, -319, -493, -320, 523, -321, -553, -322, -583, -323, -613, -324, -643, 325, -673, -326, -703, -327, -733, -328, -763, -329, 793, 330, -823, 331, -853, -332, -883, -333, -913, -334, -943, -335, -973, -336, -1003, -337, -1033, -338, -1063, -339, -1093, -345, -374, -346, -404, -347, -434, -348, -464, -349, -494, -350, -524, -351, -554, -352, -584, -353, -614, -354, -644, -355, -674, -356, -704, -357, -734, -358, 764, -359, -794, -360, -824, -361, -854, 362, -884, -363, -914, -364, -944, -365, -974, -366, -1004, 367, -1034, -368, 1064, 369, -1094, 376, -405, -377, -435, -378, -465, 379, -495, -380, -525, -381, -555, -382, -585, -383, 615, -384, -645, -385, -675, -386, 705, 387, -735, -388, -765, -389, -795, -390, -825, -391, -855, -392, -885, -393, -915, -394, -945, -395, -975, 396, -1005, -397, -1035, -398, -1065, -399, -1095, -407, -436, -408, -466, 409, -496, -410, -526, -411, -556, -412, -586, -413, 616, -414, -646, -415, -676, -416, 706, 417, -736, -418, -766, -419, -796, -420, -826, -421, -856, -422, -886, -423, -916, -424, -946, -425, -976, 426, -1006, -427, -1036, -428, -1066, -429, -1096, 438, -467, -439, -497, -440, -527, -441, 557, -442, 587, -443, -617, 444, -647, -445, -677, -446, -707, -447, -737, -448, -767, -449, -797, -450, -827, -451, -857, -452, -887, -453, 917, 454, -947, 455, -977, -456, -1007, -457, -1037, -458, -1067, -459, -1097, -469, -498, -470, -528, -471, 558, -472, 588, -473, -618, -474, 648, -475, -678, -476, -708, -477, -738, -478, -768, -479, -798, -480, -828, -481, -858, -482, -888, -483, 918, -484, 948, -485, 978, -486, -1008, -487, -1038, -488, -1068, -489, -1098, -500, -529, -501, -559, -502, -589, -503, 619, -504, -649, -505, -679, -506, 709, 507, -739, -508, -769, -509, -799, -510, -829, -511, -859, -512, -889, -513, -919, -514, -949, -515, -979, -516, 1009, -517, -1039, -518, -1069, -519, -1099, -531, -560, -532, -590, -533, -620, -534, -650, 535, -680, -536, -710, -537, -740, -538, -770, 539, -800, 540, -830, 541, -860, -542, -890, -543, -920, -544, -950, -545, -980, -546, -1010, -547, -1040, -548, -1070, -549, -1100, 562, -591, -563, -621, 564, -651, -565, -681, -566, -711, -567, -741, -568, -771, -569, -801, -570, -831, -571, -861, -572, -891, 573, -921, 574, -951, 575, -981, -576, -1011, -577, -1041, -578, -1071, -579, -1101, -593, -622, 594, -652, -595, -682, -596, -712, -597, -742, -598, -772, -599, -802, -600, -832, -601, -862, -602, -892, 603, -922, 604, -952, 605, -982, -606, -1012, -607, -1042, -608, -1072, -609, -1102, -624, -653, -625, -683, -626, 713, 627, -743, -628, -773, -629, -803, -630, -833, -631, -863, -632, -893, -633, -923, -634, -953, -635, -983, 636, -1013, -637, -1043, -638, -1073, -639, -1103, -655, -684, -656, -714, -657, -744, -658, -774, -659, -804, -660, -834, -661, -864, -662, -894, -663, 924, 664, -954, 665, -984, -666, -1014, -667, -1044, -668, -1074, -669, -1104, -686, -715, -687, -745, -688, -775, -689, 805, 690, -835, -691, 865, -692, -895, -693, -925, -694, -955, -695, -985, -696, -1015, -697, -1045, -698, -1075, -699, -1105, 717, -746, -718, -776, -719, -806, -720, -836, -721, -866, -722, -896, -723, -926, -724, -956, -725, -986, 726, -1016, -727, -1046, -728, -1076, -729, -1106, -748, -777, -749, -807, -750, -837, -751, -867, -752, -897, -753, -927, -754, -957, -755, -987, -756, 1017, -757, -1047, -758, -1077, -759, -1107, -779, -808, -780, -838, -781, -868, 782, -898, -783, -928, -784, -958, -785, -988, -786, -1018, 787, -1048, 788, -1078, 789, -1108, 810, -839, 811, -869, -812, -899, -813, -929, -814, -959, -815, -989, -816, -1019, -817, -1049, -818, -1079, -819, -1109, -841, 870, -842, -900, -843, -930, -844, -960, -845, -990, -846, -1020, -847, -1050, -848, -1080, -849, -1110, -872, -901, -873, -931, -874, -961, -875, -991, -876, -1021, -877, -1051, -878, -1081, -879, -1111, -903, -932, -904, -962, -905, -992, -906, -1022, -907, 1052, -908, 1082, -909, 1112, 934, -963, 935, -993, -936, -1023, -937, -1053, -938, -1083, -939, -1113, 965, -994, -966, -1024, -967, -1054, -968, -1084, -969, -1114, -996, -1025, -997, -1055, -998, -1085, -999, -1115, -1027, -1056, -1028, -1086, -1029, -1116, -1058, 1087, 1059, -1117, 1089, -1118, -1121, -1122, 1123, -1124, -1125, -1126, -1127, -1128, -1129, 1130, 1131, -1132, -1133, 1134, 1135, -1136, -1137, -1138, 1139, 1140, 1141, -1142, 1143, 1144, 1145, -1146, -1147, -1148, -1149, 1152, -1153, 1154, 1155, 1156, 1157, 1158, 1159, 1160, -1161, 1162, 1163, 1164, -1165, 1166, 1167, 1168, -1169, -1170, 1171, -1172, -1173, -1174, 1175, 1176, -1177, -1178, -1179, 1183, 1184, 1185, 1186, -1187, -1188, 1189, 1190, -1191, 1192, 1193, -1194, -1195, 1196, 1197, 1198, -1199, -1200, -1201, 1202, -1203, -1204, 1205, 1206, 1207, 1208, 1209, -1214, -1215, -1216, 1217, -1218, -1219, 1220, 1221, -1222, -1223, 1224, 1225, -1226, -1227, 1228, 1229, 1230, 1231, 1232, -1233, -1234, 1235, -1236, 1237, 1238, 1239, 1245, 1246, -1247, -1248, 1249, 1250, -1251, 1252, 1253, -1254, -1255, 1256, 1257, 1258, -1259, -1260, -1261, 1262, -1263, -1264, -1265, 1266, 1267, 1268, 1269, 1276, -1277, -1278, 1279, 1280, -1281, 1282, 1283, -1284, -1285, 1286, 1287, 1288, 1289, -1290, -1291, -1292, -1293, -1294, -1295, 1296, -1297, -1298, -1299, -1307, -1308, 1309, 1310, -1311, 1312, 1313, -1314, -1315, 1316, 1317, 1318, -1319, -1320, -1321, -1322, -1323, -1324, 1325, 1326, -1327, -1328, -1329, 1338, 1339, -1340, 1341, 1342, 1343, 1344, 1345, 1346, 1347, 1348, -1349, -1350, 1351, -1352, 1353, 1354, 1355, 1356, 1357, -1358, -1359, 1369, -1370, 1371, 1372, 1373, 1374, -1375, -1376, 1377, -1378, -1379, -1380, -1381, -1382, 1383, 1384, 1385, -1386, -1387, -1388, -1389, -1400, -1401, 1402, 1403, -1404, -1405, 1406, 1407, 1408, -1409, 1410, -1411, -1412, -1413, -1414, 1415, 1416, 1417, -1418, -1419, 1431, 1432, -1433, 1434, 1435, 1436, 1437, -1438, 1439, 1440, 1441, -1442, -1443, -1444, -1445, -1446, -1447, -1448, -1449, 1462, -1463, 1464, 1465, -1466, -1467, -1468, -1469, 1470, 1471, -1472, 1473, 1474, 1475, 1476, -1477, -1478, -1479, 1493, 1494, -1495, 1496, 1497, 1498, -1499, -1500, -1501, -1502, 1503, 1504, 1505, -1506, 1507, -1508, -1509, -1524, -1525, 1526, 1527, -1528, 1529, -1530, -1531, -1532, -1533, -1534, -1535, 1536, -1537, -1538, -1539, 1555, -1556, 1557, -1558, -1559, 1560, 1561, -1562, 1563, 1564, 1565, 1566, -1567, -1568, -1569, 1586, 1587, 1588, 1589, 1590, 1591, -1592, 1593, 1594, -1595, -1596, -1597, -1598, -1599, 1617, 1618, 1619, -1620, -1621, -1622, -1623, -1624, -1625, 1626, 1627, -1628, -1629, 1648, 1649, -1650, 1651, -1652, 1653, 1654, 1655, 1656, 1657, -1658, -1659, 1679, -1680, -1681, 1682, -1683, -1684, -1685, -1686, 1687, 1688, 1689, 1710, 1711, -1712, -1713, -1714, -1715, -1716, -1717, -1718, -1719, 1741, -1742, 1743, 1744, 1745, -1746, -1747, -1748, -1749, -1772, 1773, 1774, 1775, -1776, -1777, -1778, -1779, -1803, -1804, -1805, 1806, 1807, 1808, 1809, 1834, 1835, 1836, -1837, -1838, -1839, 1865, 1866, -1867, -1868, -1869, 1896, -1897, -1898, -1899, 1927, 1928, 1929, 1958, 1959, 1989]
calculated to True in 0.005615949630737305 seconds.

The TLP has the following configuration: 

  ----  17  ----  14  ----  6  ----  7  ----  27  ----  3  ----  2  ----  10  ----  18  ---- 
  ----  19  ----  29  ----  5  ----  28  ----  30  ----  23  ---- 
  ----  12  ----  13  ----  24  ----  8  ----  15  ----  25  ----  26  ----  9  ---- 
  ----  11  ----  20  ----  4  ----  1  ----  22  ----  16  ----  21  ---- 

------------------------
File: grafo484.30.gml with 30 Nodes and 35.0 Edges
------------
30574 Clauses were created in 0.07687878608703613 seconds.
No Solution found for 1 Tracks in 9.012222290039062e-05 seconds.


32379 Clauses were created in 0.0685570240020752 seconds.
No Solution found for 2 Tracks in 0.0010669231414794922 seconds.


34214 Clauses were created in 0.08236861228942871 seconds.
The Sat-Formula [-1, -2, 3, 4, -5, -6, -7, 8, -9, 10, -11, -12, -13, -14, 15, -16, 17, -18, -19, 20, -21, -22, 23, -24, -25, 26, -27, 28, -29, -30, -31, 32, -33, -34, -35, 36, -37, -38, 39, -40, 41, -42, 43, -44, -45, -46, 47, -48, -49, 50, -51, 52, -53, -54, 55, -56, -57, 58, -59, -60, -61, 62, -63, -64, -65, 66, -67, 68, -69, -70, 71, -72, -73, -74, 75, 76, -77, -78, -79, 80, -81, -82, 83, -84, -85, 86, -87, 88, -89, -90, -190, -221, -252, -283, -314, -345, -376, -407, -438, -469, -500, -531, -562, -593, -624, -655, -686, -717, -748, -779, -810, -841, -872, -903, -934, -965, -996, -1027, -1058, -1089, -191, -220, -192, -250, -193, -280, -194, 310, -195, -340, -196, -370, -197, -400, -198, -430, -199, -460, -200, -490, 201, -520, 202, -550, -203, -580, -204, -610, -205, -640, -206, -670, -207, -700, -208, -730, -209, -760, -210, -790, 211, -820, -212, -850, -213, -880, -214, 910, -215, -940, -216, -970, -217, -1000, -218, -1030, -219, -1060, -222, -251, -223, 281, -224, -311, -225, -341, -226, -371, -227, -401, -228, -431, -229, 461, -230, -491, -231, -521, -232, -551, -233, -581, -234, 611, -235, -641, -236, -671, -237, 701, -238, 731, -239, 761, -240, -791, -241, -821, -242, -851, -243, -881, -244, -911, -245, 941, -246, -971, -247, -1001, -248, -1031, -249, 1061, -253, -282, -254, -312, -255, 342, 256, -372, -257, 402, -258, 432, -259, -462, -260, 492, -261, -522, -262, -552, -263, 582, -264, -612, 265, -642, -266, 672, -267, -702, -268, -732, -269, -762, 270, -792, -271, -822, 272, -852, 273, -882, -274, -912, -275, -942, -276, 972, 277, -1002, 278, -1032, -279, -1062, -284, -313, -285, -343, -286, -373, -287, -403, -288, -433, 289, -463, -290, -493, -291, -523, -292, -553, -293, -583, 294, -613, -295, -643, -296, -673, -297, 703, -298, 733, -299, 763, -300, -793, -301, -823, -302, -853, -303, -883, -304, -913, -305, 943, -306, -973, -307, -1003, -308, -1033, 309, -1063, -315, -344, -316, -374, -317, -404, -318, -434, -319, -464, -320, -494, 321, -524, 322, -554, -323, -584, -324, -614, -325, -644, -326, -674, -327, -704, -328, -734, -329, -764, -330, -794, 331, -824, -332, -854, -333, -884, -334, 914, -335, -944, -336, -974, -337, -1004, -338, -1034, -339, -1064, 346, -375, -347, 405, -348, 435, -349, -465, -350, 495, -351, -525, -352, -555, -353, 585, -354, -615, 355, -645, 356, -675, -357, -705, -358, -735, -359, -765, 360, -795, -361, -825, 362, -855, 363, -885, -364, -915, -365, -945, -366, 975, 367, -1005, 368, -1035, -369, -1065, -377, 406, -378, 436, -379, -466, -380, 496, -381, -526, -382, -556, -383, 586, -384, -616, 385, -646, -386, 676, -387, -706, -388, -736, -389, -766, -390, 796, -391, -826, 392, -856, 393, -886, -394, -916, -395, -946, -396, 976, 397, -1006, 398, -1036, -399, -1066, 408, -437, -409, -467, 410, -497, -411, -527, -412, -557, 413, -587, -414, -617, 415, -647, 416, -677, -417, -707, -418, -737, -419, -767, 420, -797, -421, -827, 422, -857, 423, -887, -424, -917, -425, -947, 426, -977, 427, -1007, 428, -1037, -429, -1067, -439, -468, -440, 498, -441, -528, -442, -558, -443, 588, -444, -618, 445, -648, 446, -678, -447, -708, -448, -738, -449, -768, 450, -798, -451, -828, 452, -858, 453, -888, -454, -918, -455, -948, 456, -978, 457, -1008, 458, -1038, -459, -1068, -470, -499, -471, -529, -472, -559, -473, -589, -474, 619, -475, -649, -476, -679, -477, 709, -478, 739, -479, 769, -480, -799, -481, -829, -482, -859, -483, -889, -484, -919, -485, 949, -486, -979, -487, -1009, -488, -1039, 489, -1069, -501, -530, -502, -560, 503, -590, -504, -620, 505, -650, 506, -680, -507, -710, -508, -740, -509, -770, 510, -800, -511, -830, 512, -860, 513, -890, -514, -920, -515, -950, 516, -980, 517, -1010, 518, -1040, -519, -1070, 532, -561, -533, -591, -534, -621, -535, -651, -536, -681, -537, -711, -538, -741, -539, -771, -540, -801, -541, 831, -542, -861, -543, -891, -544, 921, -545, -951, -546, -981, -547, -1011, -548, -1041, -549, -1071, -563, -592, -564, -622, -565, -652, -566, -682, -567, -712, -568, -742, -569, -772, -570, -802, -571, 832, -572, -862, -573, -892, -574, 922, -575, -952, -576, -982, -577, -1012, -578, -1042, -579, -1072, -594, -623, 595, -653, 596, -683, -597, -713, -598, -743, -599, -773, 600, -803, -601, -833, 602, -863, 603, -893, -604, -923, -605, -953, 606, -983, 607, -1013, 608, -1043, -609, -1073, -625, -654, -626, -684, -627, 714, -628, 744, -629, 774, -630, -804, -631, -834, -632, -864, -633, -894, -634, -924, -635, 954, -636, -984, -637, -1014, -638, -1044, 639, -1074, -656, 685, -657, -715, -658, -745, -659, -775, -660, 805, -661, -835, -662, 865, -663, 895, -664, -925, -665, -955, -666, 985, -667, 1015, -668, 1045, -669, -1075, -687, -716, -688, -746, -689, -776, 690, -806, -691, -836, 692, -866, 693, -896, -694, -926, -695, -956, -696, 986, 697, -1016, 698, -1046, -699, -1076, -718, 747, -719, 777, -720, -807, -721, -837, -722, -867, -723, -897, -724, -927, -725, 957, -726, -987, -727, -1017, -728, -1047, 729, -1077, 749, -778, -750, -808, -751, -838, -752, -868, -753, -898, -754, -928, 755, -958, -756, -988, -757, -1018, -758, -1048, 759, -1078, -780, -809, -781, -839, -782, -869, -783, -899, -784, -929, -785, 959, -786, -989, -787, -1019, -788, -1049, 789, -1079, -811, -840, 812, -870, 813, -900, -814, -930, -815, -960, -816, 990, 817, -1020, 818, -1050, -819, -1080, -842, -871, -843, -901, -844, 931, -845, -961, -846, -991, -847, -1021, -848, -1051, -849, -1081, -873, 902, -874, -932, -875, -962, -876, 992, 877, -1022, 878, -1052, -879, -1082, -904, -933, -905, -963, -906, 993, 907, -1023, 908, -1053, -909, -1083, -935, -964, -936, -994, -937, -1024, -938, -1054, -939, -1084, -966, -995, -967, -1025, -968, -1055, 969, -1085, 997, -1026, 998, -1056, -999, -1086, 1028, -1057, -1029, -1087, -1059, -1088, -1091, 1092, -1093, 1094, -1095, 1096, -1097, 1098, 1099, 1100, 1101, 1102, -1103, 1104, 1105, 1106, -1107, 1108, -1109, 1110, 1111, 1112, 1113, 1114, 1115, 1116, 1117, 1118, -1119, -1122, 1123, -1124, 1125, 1126, 1127, -1128, 1129, -1130, 1131, 1132, 1133, 1134, -1135, -1136, 1137, 1138, 1139, -1140, -1141, -1142, -1143, -1144, 1145, -1146, 1147, -1148, 1149, -1153, -1154, 1155, 1156, 1157, 1158, 1159, 1160, -1161, -1162, 1163, 1164, 1165, 1166, -1167, 1168, 1169, 1170, 1171, 1172, 1173, 1174, 1175, 1176, 1177, 1178, -1179, -1184, 1185, 1186, 1187, -1188, 1189, -1190, -1191, 1192, 1193, 1194, -1195, 1196, 1197, 1198, 1199, -1200, -1201, -1202, -1203, -1204, 1205, -1206, 1207, -1208, 1209, -1215, 1216, -1217, 1218, 1219, 1220, 1221, 1222, -1223, 1224, 1225, -1226, -1227, -1228, -1229, -1230, 1231, -1232, -1233, 1234, 1235, -1236, 1237, -1238, 1239, 1246, 1247, 1248, 1249, 1250, -1251, 1252, 1253, -1254, 1255, 1256, 1257, -1258, -1259, 1260, -1261, 1262, 1263, -1264, -1265, 1266, 1267, 1268, -1269, 1277, 1278, 1279, 1280, 1281, 1282, 1283, -1284, 1285, 1286, -1287, 1288, -1289, 1290, 1291, 1292, 1293, 1294, 1295, 1296, 1297, 1298, 1299, 1308, 1309, 1310, -1311, 1312, 1313, -1314, 1315, 1316, -1317, 1318, -1319, 1320, -1321, 1322, 1323, -1324, -1325, 1326, 1327, 1328, -1329, -1339, 1340, 1341, 1342, 1343, 1344, 1345, 1346, -1347, -1348, -1349, 1350, -1351, 1352, 1353, 1354, -1355, 1356, 1357, 1358, 1359, -1370, 1371, 1372, 1373, 1374, 1375, -1376, 1377, 1378, 1379, 1380, 1381, -1382, 1383, 1384, 1385, 1386, 1387, -1388, 1389, 1401, 1402, 1403, 1404, 1405, 1406, -1407, -1408, -1409, 1410, -1411, 1412, 1413, 1414, 1415, 1416, 1417, 1418, 1419, 1432, 1433, 1434, -1435, 1436, 1437, 1438, 1439, 1440, 1441, 1442, 1443, 1444, 1445, 1446, 1447, 1448, -1449, 1463, 1464, 1465, 1466, -1467, -1468, 1469, 1470, 1471, 1472, 1473, 1474, -1475, 1476, 1477, 1478, -1479, -1494, 1495, 1496, -1497, -1498, -1499, 1500, -1501, 1502, 1503, -1504, 1505, 1506, 1507, 1508, -1509, -1525, 1526, 1527, 1528, 1529, 1530, 1531, 1532, 1533, 1534, 1535, 1536, 1537, 1538, 1539, 1556, 1557, 1558, 1559, 1560, 1561, 1562, 1563, 1564, 1565, 1566, 1567, 1568, -1569, -1587, -1588, 1589, 1590, -1591, 1592, 1593, -1594, -1595, 1596, 1597, 1598, -1599, 1618, 1619, -1620, -1621, -1622, -1623, -1624, 1625, -1626, -1627, -1628, 1629, 1649, -1650, 1651, -1652, 1653, 1654, 1655, 1656, 1657, -1658, 1659, 1680, -1681, 1682, 1683, -1684, 1685, -1686, 1687, 1688, 1689, 1711, 1712, 1713, 1714, 1715, 1716, 1717, 1718, -1719, 1742, 1743, 1744, 1745, 1746, 1747, 1748, -1749, 1773, 1774, 1775, 1776, 1777, 1778, -1779, 1804, 1805, 1806, 1807, 1808, -1809, 1835, 1836, -1837, -1838, -1839, 1866, -1867, -1868, 1869, 1897, 1898, -1899, 1928, -1929, -1959]
calculated to True in 0.01486349105834961 seconds.

The TLP has the following configuration: 

  ----  19  ----  26  ----  20  ----  18  ----  4  ----  15  ----  10  ----  30  ----  2  ---- 
  ----  8  ----  11  ----  14  ----  9  ----  27  ----  6  ----  17  ----  3  ----  21  ----  7  ----  24  ----  23  ----  28  ----  29  ----  16  ---- 
  ----  25  ----  5  ----  1  ----  22  ----  12  ----  13  ---- 

------------------------
File: grafo1627.30.gml with 30 Nodes and 40.0 Edges
------------
32027 Clauses were created in 0.08325028419494629 seconds.
No Solution found for 1 Tracks in 9.417533874511719e-05 seconds.


33837 Clauses were created in 0.07925796508789062 seconds.
No Solution found for 2 Tracks in 0.0009276866912841797 seconds.


35677 Clauses were created in 0.08921313285827637 seconds.
No Solution found for 3 Tracks in 0.028138160705566406 seconds.


37547 Clauses were created in 0.0975334644317627 seconds.
The Sat-Formula [-1, -2, 3, -4, -5, 6, -7, -8, 9, -10, -11, -12, -13, 14, -15, -16, 17, -18, -19, -20, 21, -22, -23, -24, 25, -26, -27, -28, 29, -30, -31, -32, -33, 34, -35, -36, -37, 38, -39, -40, 41, -42, -43, -44, 45, -46, -47, -48, -49, -50, 51, -52, -53, -54, -55, 56, -57, 58, -59, -60, -61, -62, 63, -64, 65, -66, -67, -68, -69, -70, -71, 72, 73, -74, -75, -76, -77, 78, -79, -80, -81, 82, -83, -84, -85, 86, -87, -88, 89, -90, -91, -92, 93, -94, -95, -96, -97, 98, -99, -100, 101, -102, -103, -104, -105, -106, -107, 108, 109, -110, -111, -112, 113, -114, -115, -116, -117, 118, -119, -120, -220, -251, -282, -313, -344, -375, -406, -437, -468, -499, -530, -561, -592, -623, -654, -685, -716, -747, -778, -809, -840, -871, -902, -933, -964, -995, -1026, -1057, -1088, -1119, -221, -250, -222, -280, -223, -310, -224, -340, -225, -370, -226, -400, -227, -430, -228, -460, -229, -490, -230, -520, -231, -550, 232, -580, -233, -610, -234, -640, 235, -670, -236, -700, -237, -730, -238, -760, -239, -790, -240, -820, -241, -850, -242, -880, -243, -910, -244, -940, -245, -970, -246, -1000, -247, -1030, -248, -1060, -249, -1090, -252, -281, -253, 311, -254, -341, -255, -371, -256, -401, -257, -431, 258, -461, 259, -491, -260, -521, -261, -551, -262, -581, -263, -611, 264, -641, -265, -671, -266, -701, -267, -731, -268, -761, -269, 791, 270, -821, 271, -851, -272, -881, -273, -911, 274, -941, -275, -971, -276, -1001, -277, -1031, -278, -1061, -279, 1091, -283, -312, -284, 342, -285, 372, 286, -402, 287, -432, -288, -462, -289, -492, -290, 522, 291, -552, -292, -582, -293, -612, -294, -642, -295, -672, -296, 702, -297, -732, 298, -762, -299, -792, -300, -822, -301, -852, -302, 882, 303, -912, -304, -942, 305, -972, -306, -1002, 307, -1032, -308, 1062, -309, -1092, -314, -343, -315, -373, -316, -403, -317, -433, 318, -463, 319, -493, -320, -523, -321, -553, -322, -583, -323, -613, 324, -643, -325, -673, -326, -703, -327, -733, -328, -763, 329, -793, 330, -823, 331, -853, -332, -883, -333, -913, 334, -943, -335, -973, -336, -1003, -337, -1033, -338, -1063, -339, 1093, 345, -374, 346, -404, 347, -434, -348, -464, -349, -494, 350, -524, 351, -554, -352, -584, -353, -614, -354, -644, -355, -674, 356, -704, -357, -734, 358, -764, -359, -794, -360, -824, -361, -854, 362, -884, 363, -914, -364, -944, 365, -974, -366, -1004, 367, -1034, 368, -1064, -369, -1094, 376, -405, 377, -435, -378, -465, -379, -495, 380, -525, 381, -555, -382, -585, -383, -615, -384, -645, -385, -675, -386, 705, -387, -735, 388, -765, -389, -795, -390, -825, -391, -855, 392, -885, 393, -915, -394, -945, 395, -975, -396, -1005, 397, -1035, -398, 1065, -399, -1095, 407, -436, -408, -466, -409, -496, -410, 526, 411, -556, -412, -586, -413, -616, -414, -646, -415, -676, -416, 706, -417, -736, 418, -766, -419, -796, -420, -826, -421, -856, -422, 886, 423, -916, -424, -946, 425, -976, -426, -1006, 427, -1036, -428, 1066, -429, -1096, -438, -467, -439, -497, -440, 527, 441, -557, -442, -587, -443, -617, -444, -647, -445, -677, -446, 707, -447, -737, 448, -767, -449, -797, -450, -827, -451, -857, -452, 887, 453, -917, -454, -947, 455, -977, -456, -1007, 457, -1037, -458, 1067, -459, -1097, 469, -498, -470, -528, -471, -558, -472, -588, -473, -618, 474, -648, -475, -678, -476, -708, -477, -738, -478, -768, -479, 798, -480, 828, 481, -858, -482, -888, -483, -918, -484, 948, -485, -978, -486, -1008, -487, -1038, -488, -1068, -489, 1098, -500, -529, -501, -559, -502, -589, -503, -619, 504, -649, -505, -679, -506, -709, -507, -739, -508, -769, -509, 799, -510, 829, 511, -859, -512, -889, -513, -919, -514, 949, -515, -979, -516, -1009, -517, -1039, -518, -1069, -519, 1099, 531, -560, -532, -590, -533, -620, -534, -650, -535, -680, -536, 710, -537, -740, 538, -770, -539, -800, -540, -830, -541, -860, 542, -890, 543, -920, -544, -950, 545, -980, -546, -1010, 547, -1040, -548, 1070, -549, -1100, -562, -591, -563, -621, -564, -651, -565, -681, -566, 711, -567, -741, 568, -771, -569, -801, -570, -831, -571, -861, -572, 891, 573, -921, -574, -951, 575, -981, -576, -1011, -577, 1041, -578, 1071, -579, -1101, -593, -622, -594, -652, 595, -682, -596, -712, -597, -742, -598, -772, -599, -802, -600, -832, -601, -862, -602, -892, -603, -922, -604, -952, -605, -982, -606, -1012, -607, -1042, -608, -1072, -609, -1102, -624, -653, -625, -683, -626, -713, 627, -743, -628, -773, -629, -803, -630, -833, -631, -863, -632, -893, -633, -923, -634, -953, -635, -983, -636, 1013, -637, -1043, -638, -1073, -639, -1103, -655, -684, -656, -714, -657, -744, -658, -774, -659, 804, -660, 834, 661, -864, -662, -894, -663, -924, -664, 954, -665, -984, -666, -1014, -667, -1044, -668, -1074, -669, 1104, -686, -715, -687, -745, -688, -775, -689, -805, -690, -835, -691, -865, -692, -895, -693, -925, -694, -955, -695, -985, -696, -1015, -697, -1045, -698, -1075, -699, -1105, -717, -746, 718, -776, -719, -806, -720, -836, -721, -866, 722, -896, 723, -926, -724, -956, 725, -986, -726, -1016, 727, -1046, 728, -1076, -729, -1106, -748, -777, -749, -807, -750, -837, -751, -867, -752, -897, -753, -927, -754, -957, -755, -987, -756, 1017, -757, -1047, -758, -1077, -759, -1107, -779, -808, -780, -838, -781, -868, -782, 898, 783, -928, -784, -958, -785, 988, -786, -1018, -787, 1048, -788, 1078, -789, -1108, 810, -839, 811, -869, -812, -899, -813, -929, 814, -959, -815, -989, -816, -1019, -817, -1049, -818, -1079, -819, 1109, 841, -870, -842, -900, -843, -930, 844, -960, -845, -990, -846, -1020, -847, -1050, -848, -1080, -849, 1110, -872, -901, -873, -931, -874, 961, -875, -991, -876, -1021, -877, -1051, -878, -1081, -879, 1111, 903, -932, -904, -962, 905, -992, -906, -1022, 907, -1052, -908, 1082, -909, -1112, -934, -963, -935, 993, -936, -1023, -937, 1053, -938, 1083, -939, -1113, -965, -994, -966, -1024, -967, -1054, -968, -1084, -969, 1114, -996, -1025, -997, 1055, -998, 1085, -999, -1115, -1027, -1056, -1028, -1086, -1029, -1116, -1058, 1087, -1059, -1117, -1089, -1118, -1121, -1122, -1123, -1124, -1125, -1126, -1127, -1128, -1129, -1130, -1131, 1132, -1133, -1134, 1135, -1136, -1137, -1138, -1139, -1140, -1141, -1142, -1143, -1144, -1145, -1146, -1147, -1148, -1149, 1152, 1153, -1154, -1155, -1156, 1157, 1158, 1159, -1160, -1161, 1162, -1163, 1164, -1165, -1166, -1167, -1168, 1169, 1170, 1171, -1172, -1173, 1174, -1175, -1176, -1177, -1178, 1179, 1183, 1184, 1185, 1186, 1187, -1188, -1189, 1190, 1191, -1192, 1193, -1194, 1195, 1196, -1197, 1198, -1199, 1200, 1201, 1202, 1203, 1204, 1205, -1206, 1207, 1208, -1209, -1214, -1215, -1216, 1217, 1218, 1219, 1220, -1221, 1222, -1223, 1224, -1225, -1226, -1227, -1228, 1229, 1230, 1231, -1232, -1233, 1234, -1235, -1236, -1237, 1238, 1239, 1245, 1246, 1247, -1248, -1249, 1250, 1251, -1252, 1253, -1254, 1255, 1256, -1257, 1258, -1259, -1260, -1261, 1262, 1263, -1264, 1265, 1266, 1267, 1268, 1269, 1276, 1277, -1278, -1279, 1280, 1281, -1282, 1283, -1284, 1285, 1286, -1287, 1288, -1289, -1290, -1291, 1292, 1293, -1294, 1295, -1296, 1297, 1298, -1299, 1307, -1308, -1309, 1310, 1311, -1312, -1313, -1314, 1315, 1316, -1317, 1318, -1319, -1320, -1321, 1322, 1323, -1324, 1325, -1326, 1327, 1328, -1329, -1338, -1339, 1340, 1341, -1342, -1343, -1344, -1345, 1346, -1347, 1348, -1349, 1350, 1351, 1352, 1353, 1354, 1355, -1356, 1357, 1358, -1359, 1369, -1370, -1371, -1372, -1373, 1374, -1375, -1376, -1377, -1378, 1379, 1380, 1381, -1382, -1383, 1384, -1385, -1386, -1387, -1388, 1389, -1400, -1401, -1402, -1403, 1404, -1405, -1406, -1407, -1408, 1409, 1410, 1411, -1412, -1413, 1414, -1415, -1416, -1417, -1418, 1419, 1431, -1432, -1433, -1434, -1435, 1436, -1437, 1438, 1439, 1440, 1441, 1442, 1443, 1444, 1445, -1446, 1447, 1448, -1449, -1462, -1463, -1464, -1465, 1466, -1467, 1468, -1469, -1470, -1471, 1472, 1473, -1474, 1475, -1476, 1477, 1478, -1479, -1493, 1494, 1495, -1496, -1497, -1498, 1499, 1500, 1501, -1502, -1503, 1504, -1505, -1506, -1507, -1508, 1509, -1524, 1525, 1526, 1527, 1528, -1529, -1530, -1531, 1532, 1533, -1534, 1535, 1536, 1537, 1538, -1539, -1555, -1556, -1557, -1558, 1559, 1560, 1561, -1562, -1563, 1564, -1565, -1566, -1567, -1568, 1569, 1586, -1587, 1588, -1589, -1590, -1591, 1592, 1593, -1594, 1595, -1596, 1597, 1598, -1599, -1617, 1618, -1619, -1620, -1621, 1622, 1623, -1624, 1625, -1626, 1627, 1628, -1629, -1648, -1649, -1650, -1651, -1652, -1653, -1654, -1655, 1656, -1657, -1658, -1659, -1679, -1680, -1681, 1682, 1683, -1684, 1685, -1686, 1687, 1688, -1689, 1710, 1711, -1712, -1713, 1714, -1715, -1716, -1717, -1718, 1719, 1741, -1742, -1743, 1744, -1745, -1746, 1747, -1748, 1749, -1772, 1773, 1774, -1775, -1776, -1777, -1778, 1779, 1803, -1804, 1805, -1806, 1807, 1808, -1809, -1834, 1835, -1836, 1837, 1838, -1839, -1865, -1866, 1867, -1868, 1869, -1896, 1897, 1898, -1899, -1927, -1928, -1929, 1958, -1959, -1989]
calculated to True in 0.00431060791015625 seconds.

The TLP has the following configuration: 

  ----  5  ----  17  ----  29  ----  6  ----  11  ----  23  ----  3  ----  7  ----  8  ----  28  ----  12  ----  26  ----  19  ----  24  ---- 
  ----  30  ----  4  ----  20  ----  2  ----  21  ----  25  ----  9  ----  10  ----  15  ----  22  ---- 
  ----  1  ----  13  ----  16  ---- 
  ----  27  ----  14  ----  18  ---- 

------------------------
File: grafo1687.30.gml with 30 Nodes and 32.0 Edges
------------
30219 Clauses were created in 0.07594108581542969 seconds.
No Solution found for 1 Tracks in 8.821487426757812e-05 seconds.


32021 Clauses were created in 0.0674889087677002 seconds.
No Solution found for 2 Tracks in 0.002196788787841797 seconds.


33853 Clauses were created in 0.08153367042541504 seconds.
The Sat-Formula [1, -2, -3, 4, -5, -6, -7, 8, -9, 10, -11, -12, -13, -14, 15, -16, 17, -18, -19, -20, 21, 22, -23, -24, -25, -26, 27, -28, 29, -30, 31, -32, -33, -34, -35, 36, -37, 38, -39, -40, 41, -42, -43, 44, -45, -46, 47, -48, 49, -50, -51, 52, -53, -54, -55, -56, 57, 58, -59, -60, -61, 62, -63, -64, -65, 66, -67, 68, -69, 70, -71, -72, -73, 74, -75, -76, 77, -78, -79, -80, 81, -82, -83, 84, 85, -86, -87, -88, 89, -90, -190, -221, -252, -283, -314, -345, -376, -407, -438, -469, -500, -531, -562, -593, -624, -655, -686, -717, -748, -779, -810, -841, -872, -903, -934, -965, -996, -1027, -1058, -1089, 191, -220, -192, -250, -193, 280, -194, -310, -195, -340, -196, -370, -197, 400, -198, -430, -199, -460, -200, 490, -201, -520, -202, -550, -203, -580, -204, -610, -205, -640, -206, 670, -207, 700, -208, -730, -209, 760, -210, -790, -211, -820, -212, -850, -213, 880, -214, -910, -215, -940, -216, -970, -217, -1000, 218, -1030, -219, -1060, -222, -251, -223, 281, -224, -311, -225, -341, -226, -371, -227, 401, -228, -431, -229, -461, -230, 491, -231, -521, -232, -551, -233, -581, -234, -611, -235, -641, -236, 671, -237, 701, -238, -731, -239, 761, -240, -791, -241, -821, -242, -851, -243, 881, -244, -911, -245, -941, -246, -971, -247, -1001, 248, -1031, -249, -1061, -253, -282, -254, -312, 255, -342, -256, -372, -257, -402, -258, -432, 259, -462, -260, -492, -261, -522, 262, -552, 263, -582, -264, 612, 265, -642, -266, -672, -267, -702, -268, -732, -269, -762, 270, -792, -271, -822, 272, -852, -273, -882, 274, -912, 275, -942, -276, -972, -277, -1002, -278, -1032, 279, -1062, -284, -313, -285, -343, -286, -373, 287, -403, -288, -433, -289, -463, -290, 493, -291, -523, -292, -553, -293, -583, -294, -613, -295, -643, 296, -673, -297, 703, -298, -733, 299, -763, -300, -793, -301, -823, -302, -853, 303, -883, -304, -913, -305, -943, -306, -973, -307, -1003, 308, -1033, -309, -1063, -315, -344, -316, 374, -317, -404, -318, 434, -319, -464, -320, -494, -321, 524, -322, -554, -323, -584, -324, -614, -325, -644, -326, -674, -327, -704, -328, 734, -329, -764, -330, -794, -331, 824, -332, -854, -333, -884, -334, -914, -335, -944, -336, 974, -337, 1004, -338, -1034, -339, -1064, -346, -375, -347, -405, -348, -435, 349, -465, -350, -495, -351, -525, 352, -555, -353, 585, -354, 615, -355, 645, -356, -675, -357, -705, -358, -735, -359, -765, -360, 795, -361, -825, -362, 855, -363, -885, 364, -915, 365, -945, -366, -975, -367, -1005, -368, -1035, -369, 1065, -377, -406, 378, -436, -379, -466, -380, -496, -381, 526, -382, -556, -383, -586, -384, -616, -385, -646, -386, -676, -387, -706, 388, -736, -389, -766, -390, -796, -391, 826, -392, -856, -393, -886, -394, -916, -395, -946, 396, -976, -397, 1006, -398, -1036, -399, -1066, -408, -437, -409, -467, -410, 497, -411, -527, -412, -557, -413, -587, -414, -617, -415, -647, 416, -677, -417, 707, -418, -737, 419, -767, -420, -797, -421, -827, -422, -857, 423, -887, -424, -917, -425, -947, -426, -977, -427, -1007, 428, -1037, -429, -1067, -439, -468, -440, -498, -441, 528, -442, -558, -443, -588, -444, -618, -445, -648, -446, -678, -447, -708, -448, 738, -449, -768, -450, -798, -451, 828, -452, -858, -453, -888, -454, -918, -455, -948, -456, 978, -457, 1008, -458, -1038, -459, -1068, -470, -499, -471, -529, -472, 559, -473, 589, -474, 619, -475, 649, -476, -679, -477, -709, -478, -739, -479, -769, -480, 799, -481, -829, -482, 859, -483, -889, -484, 919, -485, 949, -486, -979, -487, -1009, -488, -1039, -489, 1069, -501, -530, -502, -560, -503, -590, -504, -620, -505, -650, 506, -680, 507, -710, -508, -740, 509, -770, -510, -800, -511, -830, -512, -860, 513, -890, -514, -920, -515, -950, -516, -980, -517, -1010, 518, -1040, -519, -1070, -532, -561, -533, -591, -534, -621, -535, -651, -536, -681, -537, -711, 538, -741, -539, -771, -540, -801, 541, -831, -542, -861, -543, -891, -544, -921, -545, -951, 546, -981, -547, 1011, -548, -1041, -549, -1071, -563, 592, -564, 622, -565, 652, -566, -682, -567, -712, -568, -742, -569, -772, -570, 802, -571, -832, -572, 862, -573, -892, -574, 922, 575, -952, -576, -982, -577, -1012, -578, -1042, -579, 1072, -594, 623, -595, 653, -596, -683, -597, -713, -598, -743, -599, -773, -600, 803, -601, -833, -602, 863, -603, -893, 604, -923, 605, -953, -606, -983, -607, -1013, -608, -1043, -609, 1073, 625, -654, -626, -684, -627, -714, -628, -744, -629, -774, 630, -804, -631, -834, 632, -864, -633, -894, 634, -924, 635, -954, -636, -984, -637, -1014, -638, -1044, 639, -1074, -656, -685, -657, -715, -658, -745, -659, -775, 660, -805, -661, -835, -662, 865, -663, -895, 664, -925, 665, -955, -666, -985, -667, -1015, -668, -1045, 669, -1075, -687, 716, -688, -746, -689, 776, -690, -806, -691, -836, -692, -866, -693, 896, -694, -926, -695, -956, -696, -986, -697, -1016, 698, -1046, -699, -1076, -718, -747, 719, -777, -720, -807, -721, -837, -722, -867, 723, -897, -724, -927, -725, -957, -726, -987, -727, -1017, 728, -1047, -729, -1077, -749, -778, -750, -808, -751, 838, -752, -868, -753, -898, -754, -928, -755, -958, -756, 988, -757, 1018, -758, -1048, -759, -1078, -780, -809, -781, -839, -782, -869, -783, 899, -784, -929, -785, -959, -786, -989, -787, -1019, 788, -1049, -789, -1079, -811, -840, -812, 870, -813, -900, 814, -930, 815, -960, -816, -990, -817, -1020, -818, -1050, 819, -1080, -842, -871, -843, -901, -844, -931, -845, -961, 846, -991, -847, 1021, -848, -1051, -849, -1081, -873, -902, 874, -932, 875, -962, -876, -992, -877, -1022, -878, -1052, 879, -1082, -904, -933, -905, -963, -906, -993, -907, -1023, 908, -1053, -909, -1083, 935, -964, -936, -994, -937, -1024, -938, -1054, -939, 1084, -966, -995, -967, -1025, -968, -1055, -969, 1085, -997, 1026, -998, -1056, -999, -1086, -1028, -1057, -1029, -1087, -1059, -1088, 1091, -1092, 1093, -1094, -1095, -1096, 1097, -1098, -1099, 1100, -1101, -1102, -1103, -1104, -1105, 1106, 1107, -1108, 1109, -1110, -1111, -1112, 1113, -1114, -1115, -1116, -1117, 1118, -1119, 1122, 1123, -1124, -1125, -1126, 1127, -1128, -1129, 1130, -1131, -1132, -1133, -1134, -1135, 1136, 1137, -1138, 1139, -1140, -1141, -1142, 1143, 1144, 1145, -1146, 1147, 1148, -1149, 1153, -1154, 1155, -1156, 1157, -1158, 1159, 1160, -1161, 1162, 1163, 1164, 1165, -1166, -1167, -1168, -1169, 1170, -1171, 1172, -1173, 1174, 1175, -1176, 1177, -1178, 1179, -1184, -1185, -1186, 1187, -1188, -1189, 1190, -1191, -1192, -1193, -1194, -1195, 1196, 1197, -1198, 1199, -1200, -1201, 1202, 1203, -1204, -1205, -1206, -1207, 1208, -1209, -1215, 1216, -1217, 1218, 1219, -1220, 1221, -1222, -1223, -1224, -1225, -1226, -1227, 1228, -1229, -1230, 1231, -1232, -1233, -1234, -1235, 1236, 1237, 1238, -1239, -1246, 1247, -1248, 1249, -1250, -1251, 1252, 1253, 1254, 1255, -1256, -1257, 1258, -1259, 1260, -1261, 1262, -1263, 1264, 1265, -1266, -1267, -1268, 1269, 1277, 1278, 1279, -1280, 1281, -1282, -1283, -1284, -1285, -1286, -1287, 1288, -1289, -1290, 1291, -1292, -1293, -1294, -1295, 1296, 1297, 1298, -1299, 1308, 1309, 1310, -1311, -1312, -1313, -1314, -1315, 1316, 1317, -1318, 1319, -1320, -1321, -1322, 1323, -1324, 1325, -1326, 1327, 1328, 1329, -1339, -1340, 1341, -1342, -1343, -1344, -1345, -1346, -1347, 1348, -1349, -1350, 1351, -1352, -1353, -1354, 1355, 1356, 1357, -1358, -1359, -1370, 1371, 1372, 1373, 1374, 1375, -1376, -1377, 1378, 1379, 1380, -1381, 1382, -1383, 1384, 1385, -1386, -1387, 1388, 1389, 1401, -1402, -1403, -1404, 1405, 1406, 1407, -1408, 1409, -1410, -1411, -1412, 1413, -1414, 1415, -1416, 1417, 1418, -1419, -1432, -1433, -1434, -1435, -1436, -1437, 1438, -1439, -1440, 1441, -1442, -1443, -1444, -1445, 1446, 1447, -1448, -1449, 1463, 1464, 1465, -1466, -1467, 1468, -1469, 1470, -1471, 1472, -1473, 1474, 1475, 1476, 1477, 1478, 1479, 1494, 1495, -1496, -1497, 1498, -1499, 1500, -1501, 1502, -1503, 1504, 1505, -1506, -1507, 1508, 1509, 1525, -1526, -1527, -1528, -1529, 1530, -1531, 1532, -1533, 1534, 1535, -1536, 1537, -1538, 1539, -1556, -1557, 1558, -1559, 1560, -1561, 1562, -1563, 1564, 1565, -1566, -1567, -1568, 1569, 1587, -1588, 1589, -1590, -1591, -1592, 1593, -1594, -1595, -1596, -1597, 1598, -1599, -1618, 1619, -1620, 1621, -1622, 1623, -1624, -1625, -1626, 1627, 1628, -1629, -1649, 1650, 1651, 1652, -1653, 1654, 1655, 1656, 1657, -1658, 1659, -1680, 1681, 1682, 1683, 1684, 1685, 1686, 1687, 1688, -1689, -1711, 1712, -1713, 1714, 1715, 1716, -1717, 1718, 1719, 1742, -1743, -1744, -1745, 1746, 1747, -1748, -1749, -1773, 1774, 1775, 1776, 1777, -1778, 1779, 1804, -1805, -1806, -1807, 1808, -1809, 1835, 1836, 1837, -1838, 1839, -1866, 1867, -1868, 1869, 1897, -1898, -1899, -1928, -1929, -1959]
calculated to True in 0.00937509536743164 seconds.

The TLP has the following configuration: 

  ----  11  ----  18  ----  4  ----  8  ----  24  ----  20  ----  17  ----  1  ----  2  ----  29  ---- 
  ----  15  ----  3  ----  23  ----  16  ----  21  ----  30  ----  14  ----  6  ----  25  ----  13  ----  26  ----  10  ---- 
  ----  28  ----  12  ----  22  ----  7  ----  27  ----  19  ----  9  ----  5  ---- 

------------------------
File: grafo1623.30.gml with 30 Nodes and 41.0 Edges
------------
32260 Clauses were created in 0.08192038536071777 seconds.
No Solution found for 1 Tracks in 9.012222290039062e-05 seconds.


34071 Clauses were created in 0.0885305404663086 seconds.
No Solution found for 2 Tracks in 0.0012619495391845703 seconds.


35912 Clauses were created in 0.08721232414245605 seconds.
No Solution found for 3 Tracks in 0.06480026245117188 seconds.


37783 Clauses were created in 0.09040403366088867 seconds.
The Sat-Formula [-1, 2, -3, -4, 5, -6, -7, -8, 9, -10, -11, -12, -13, 14, -15, -16, -17, -18, 19, -20, -21, -22, 23, -24, 25, -26, -27, -28, -29, 30, -31, -32, -33, -34, -35, 36, -37, 38, -39, -40, -41, -42, -43, 44, -45, -46, -47, 48, 49, -50, -51, -52, 53, -54, -55, -56, 57, -58, -59, -60, -61, -62, -63, 64, -65, -66, -67, 68, -69, -70, 71, -72, -73, 74, -75, -76, 77, -78, -79, -80, 81, -82, -83, -84, -85, -86, -87, 88, -89, -90, -91, 92, -93, 94, -95, -96, 97, -98, -99, -100, -101, -102, 103, -104, 105, -106, -107, -108, 109, -110, -111, -112, -113, -114, 115, -116, -117, 118, -119, -120, -220, -251, -282, -313, -344, -375, -406, -437, -468, -499, -530, -561, -592, -623, -654, -685, -716, -747, -778, -809, -840, -871, -902, -933, -964, -995, -1026, -1057, -1088, -1119, -221, -250, -222, -280, 223, -310, -224, -340, -225, -370, -226, -400, 227, -430, -228, -460, 229, -490, -230, -520, -231, -550, -232, -580, -233, -610, -234, -640, -235, -670, -236, -700, -237, -730, -238, 760, -239, -790, -240, -820, -241, -850, -242, -880, -243, 910, -244, -940, -245, -970, -246, -1000, -247, -1030, -248, -1060, 249, -1090, 252, -281, -253, -311, -254, -341, -255, -371, 256, -401, -257, -431, -258, -461, -259, -491, -260, -521, -261, -551, -262, 581, 263, -611, 264, -641, -265, -671, -266, -701, -267, -731, -268, -761, -269, 791, -270, 821, -271, -851, -272, -881, -273, -911, 274, -941, -275, -971, -276, 1001, -277, 1031, -278, -1061, -279, -1091, -283, -312, -284, -342, -285, -372, 286, -402, -287, -432, -288, -462, -289, -492, -290, -522, -291, -552, -292, 582, 293, -612, 294, -642, -295, -672, -296, -702, -297, -732, -298, -762, -299, 792, -300, 822, -301, -852, -302, -882, -303, -912, 304, -942, -305, -972, -306, 1002, -307, 1032, -308, -1062, -309, -1092, -314, -343, -315, -373, -316, -403, 317, -433, -318, -463, 319, -493, -320, -523, -321, -553, -322, -583, -323, -613, -324, -643, -325, -673, -326, -703, -327, -733, -328, 763, -329, -793, -330, -823, -331, -853, -332, -883, -333, 913, -334, -943, -335, -973, -336, -1003, -337, -1033, -338, -1063, 339, -1093, 345, -374, -346, -404, -347, -434, -348, -464, -349, -494, -350, -524, -351, -554, -352, -584, -353, -614, -354, -644, -355, -674, -356, -704, 357, -734, -358, -764, -359, -794, -360, -824, -361, -854, -362, -884, -363, -914, -364, -944, 365, -974, -366, -1004, -367, -1034, 368, -1064, -369, -1094, -376, -405, -377, -435, -378, -465, -379, -495, -380, -525, -381, -555, -382, -585, -383, -615, -384, -645, -385, -675, -386, -705, -387, 735, -388, -765, -389, -795, -390, -825, -391, -855, -392, -885, -393, -915, -394, -945, -395, 975, -396, -1005, -397, -1035, 398, -1065, -399, -1095, -407, -436, -408, -466, -409, -496, -410, -526, -411, -556, -412, 586, -413, 616, -414, 646, -415, -676, -416, -706, -417, -736, -418, -766, -419, 796, -420, 826, -421, -856, -422, -886, -423, -916, 424, -946, -425, -976, -426, 1006, -427, 1036, -428, -1066, -429, -1096, -438, -467, 439, -497, -440, -527, -441, -557, -442, -587, -443, -617, -444, -647, -445, -677, -446, -707, -447, -737, -448, 767, -449, -797, -450, -827, -451, -857, -452, -887, -453, 917, -454, -947, -455, -977, -456, -1007, -457, -1037, -458, -1067, -459, 1097, -469, -498, 470, -528, 471, -558, -472, -588, -473, -618, -474, -648, 475, -678, 476, -708, -477, -738, -478, -768, -479, -798, -480, -828, 481, -858, 482, -888, -483, -918, -484, -948, -485, -978, -486, -1008, -487, -1038, -488, -1068, -489, -1098, -500, -529, -501, -559, -502, -589, -503, -619, -504, -649, -505, -679, -506, -709, -507, -739, -508, 769, -509, -799, -510, -829, -511, -859, -512, -889, -513, 919, -514, -949, -515, -979, -516, -1009, -517, -1039, -518, -1069, -519, 1099, -531, 560, -532, -590, -533, -620, -534, -650, -535, 680, -536, 710, -537, -740, -538, -770, -539, -800, -540, -830, -541, 860, 542, -890, -543, -920, -544, -950, -545, -980, -546, -1010, -547, -1040, -548, -1070, -549, -1100, -562, -591, -563, -621, -564, -651, 565, -681, 566, -711, -567, -741, -568, -771, -569, -801, -570, -831, 571, -861, 572, -891, -573, -921, -574, -951, -575, -981, -576, -1011, -577, -1041, -578, -1071, -579, -1101, 593, -622, 594, -652, -595, -682, -596, -712, -597, -742, -598, -772, 599, -802, 600, -832, -601, -862, -602, -892, -603, -922, 604, -952, -605, -982, 606, -1012, 607, -1042, -608, -1072, -609, -1102, 624, -653, -625, -683, -626, -713, -627, -743, -628, -773, -629, 803, -630, 833, -631, -863, -632, -893, -633, -923, 634, -953, -635, -983, -636, 1013, -637, 1043, -638, -1073, -639, -1103, -655, -684, -656, -714, -657, -744, -658, -774, -659, 804, -660, 834, -661, -864, -662, -894, -663, -924, 664, -954, -665, -984, -666, 1014, -667, 1044, -668, -1074, -669, -1104, 686, -715, -687, -745, -688, -775, -689, -805, -690, -835, 691, -865, 692, -895, -693, -925, -694, -955, -695, -985, -696, -1015, -697, -1045, -698, -1075, -699, -1105, -717, -746, -718, -776, -719, -806, -720, -836, -721, 866, 722, -896, -723, -926, -724, -956, -725, -986, -726, -1016, -727, -1046, -728, -1076, -729, -1106, -748, -777, -749, -807, -750, -837, -751, -867, -752, -897, -753, -927, -754, -957, -755, 987, -756, -1017, -757, -1047, 758, -1077, -759, -1107, -779, -808, -780, -838, -781, -868, -782, -898, 783, -928, -784, -958, -785, -988, -786, -1018, -787, -1048, -788, -1078, 789, -1108, 810, -839, -811, -869, -812, -899, -813, -929, 814, -959, -815, -989, 816, -1019, 817, -1049, -818, -1079, -819, -1109, -841, -870, -842, -900, -843, -930, 844, -960, -845, -990, -846, 1020, -847, 1050, -848, -1080, -849, -1110, 872, -901, -873, -931, -874, -961, -875, -991, -876, -1021, -877, -1051, -878, -1081, -879, -1111, -903, -932, -904, -962, -905, -992, -906, -1022, -907, -1052, -908, -1082, -909, -1112, -934, -963, -935, -993, -936, -1023, -937, -1053, -938, -1083, 939, -1113, -965, -994, -966, 1024, -967, 1054, -968, -1084, -969, -1114, -996, -1025, -997, -1055, 998, -1085, -999, -1115, 1027, -1056, -1028, -1086, -1029, -1116, -1058, -1087, -1059, -1117, -1089, -1118, 1121, -1122, 1123, 1124, -1125, -1126, 1127, -1128, 1129, -1130, -1131, -1132, -1133, 1134, 1135, 1136, -1137, 1138, -1139, -1140, -1141, -1142, 1143, -1144, -1145, -1146, -1147, -1148, 1149, 1152, -1153, 1154, -1155, 1156, -1157, -1158, -1159, 1160, 1161, 1162, 1163, 1164, -1165, -1166, 1167, -1168, 1169, 1170, -1171, -1172, -1173, 1174, -1175, 1176, 1177, -1178, -1179, 1183, 1184, -1185, 1186, -1187, -1188, -1189, 1190, 1191, 1192, 1193, 1194, -1195, -1196, 1197, -1198, 1199, 1200, -1201, -1202, -1203, 1204, -1205, 1206, 1207, -1208, -1209, 1214, -1215, -1216, 1217, -1218, 1219, -1220, -1221, 1222, -1223, 1224, 1225, 1226, -1227, 1228, -1229, -1230, -1231, -1232, 1233, -1234, -1235, -1236, -1237, -1238, 1239, 1245, 1246, 1247, -1248, 1249, -1250, 1251, 1252, 1253, 1254, -1255, -1256, 1257, 1258, 1259, 1260, -1261, -1262, 1263, 1264, 1265, 1266, 1267, 1268, 1269, -1276, 1277, 1278, -1279, 1280, -1281, -1282, 1283, 1284, -1285, 1286, 1287, -1288, -1289, -1290, 1291, 1292, -1293, -1294, 1295, -1296, -1297, 1298, -1299, -1307, -1308, -1309, 1310, 1311, 1312, 1313, 1314, -1315, -1316, 1317, -1318, 1319, 1320, -1321, -1322, -1323, 1324, -1325, 1326, 1327, -1328, -1329, 1338, 1339, -1340, -1341, -1342, 1343, 1344, 1345, 1346, 1347, 1348, -1349, -1350, 1351, 1352, 1353, -1354, 1355, -1356, -1357, 1358, 1359, -1369, 1370, 1371, 1372, 1373, 1374, 1375, 1376, 1377, -1378, -1379, -1380, 1381, 1382, -1383, -1384, 1385, -1386, -1387, 1388, -1389, 1400, -1401, 1402, -1403, 1404, 1405, 1406, -1407, 1408, -1409, -1410, -1411, -1412, 1413, -1414, -1415, -1416, -1417, -1418, 1419, 1431, 1432, 1433, -1434, 1435, 1436, 1437, -1438, 1439, 1440, 1441, 1442, -1443, 1444, 1445, 1446, 1447, 1448, -1449, 1462, 1463, -1464, 1465, 1466, 1467, -1468, 1469, 1470, 1471, 1472, -1473, 1474, -1475, 1476, 1477, -1478, -1479, 1493, 1494, -1495, -1496, 1497, -1498, 1499, 1500, -1501, -1502, 1503, 1504, -1505, 1506, 1507, -1508, -1509, 1524, -1525, 1526, -1527, -1528, 1529, 1530, 1531, 1532, -1533, 1534, -1535, 1536, 1537, -1538, -1539, 1555, 1556, -1557, 1558, 1559, 1560, 1561, 1562, 1563, 1564, 1565, 1566, 1567, 1568, 1569, 1586, -1587, 1588, -1589, -1590, 1591, 1592, 1593, -1594, -1595, 1596, -1597, -1598, 1599, -1617, 1618, -1619, 1620, 1621, 1622, 1623, -1624, -1625, -1626, -1627, -1628, 1629, -1648, 1649, 1650, 1651, 1652, -1653, 1654, 1655, 1656, 1657, 1658, -1659, -1679, -1680, -1681, -1682, 1683, -1684, -1685, -1686, -1687, -1688, 1689, 1710, -1711, -1712, -1713, 1714, -1715, 1716, 1717, -1718, -1719, -1741, -1742, -1743, 1744, -1745, 1746, 1747, -1748, -1749, 1772, -1773, -1774, -1775, -1776, 1777, -1778, -1779, -1803, -1804, -1805, -1806, -1807, -1808, -1809, -1834, -1835, -1836, 1837, -1838, 1839, -1865, 1866, 1867, -1868, -1869, -1896, -1897, 1898, -1899, 1927, -1928, -1929, -1958, -1959, -1989]
calculated to True in 0.006697177886962891 seconds.

The TLP has the following configuration: 

  ----  13  ----  20  ----  27  ----  28  ----  21  ----  2  ----  3  ----  14  ----  15  ----  7  ----  25  ---- 
  ----  19  ----  24  ----  1  ----  4  ----  30  ----  8  ----  10  ---- 
  ----  5  ----  26  ----  18  ----  6  ----  29  ---- 
  ----  9  ----  12  ----  16  ----  22  ----  17  ----  11  ----  23  ---- 

------------------------
File: grafo4040.30.gml with 30 Nodes and 36.0 Edges
------------
31031 Clauses were created in 0.07902264595031738 seconds.
No Solution found for 1 Tracks in 9.107589721679688e-05 seconds.


32837 Clauses were created in 0.08544278144836426 seconds.
No Solution found for 2 Tracks in 0.0009038448333740234 seconds.


34673 Clauses were created in 0.07157182693481445 seconds.
The Sat-Formula [-1, -2, 3, 4, -5, -6, -7, -8, 9, -10, -11, 12, -13, 14, -15, 16, -17, -18, -19, 20, -21, -22, -23, 24, 25, -26, -27, -28, 29, -30, -31, 32, -33, -34, -35, 36, 37, -38, -39, 40, -41, -42, -43, 44, -45, -46, 47, -48, -49, 50, -51, -52, -53, 54, -55, -56, 57, -58, -59, 60, 61, -62, -63, 64, -65, -66, -67, -68, 69, 70, -71, -72, 73, -74, -75, -76, -77, 78, -79, -80, 81, -82, -83, 84, 85, -86, -87, -88, 89, -90, -190, -221, -252, -283, -314, -345, -376, -407, -438, -469, -500, -531, -562, -593, -624, -655, -686, -717, -748, -779, -810, -841, -872, -903, -934, -965, -996, -1027, -1058, -1089, -191, -220, -192, 250, 193, -280, -194, -310, -195, -340, -196, -370, -197, 400, -198, -430, -199, -460, -200, -490, 201, -520, -202, -550, -203, -580, -204, -610, -205, -640, -206, -670, 207, -700, -208, 730, -209, 760, -210, -790, -211, -820, -212, 850, -213, -880, -214, -910, -215, 940, -216, 970, -217, 1000, -218, -1030, -219, -1060, -222, -251, -223, -281, -224, -311, -225, 341, -226, -371, -227, -401, -228, 431, -229, -461, -230, -491, -231, -521, -232, 551, -233, 581, -234, -611, -235, -641, -236, -671, -237, -701, -238, -731, -239, -761, -240, 791, -241, 821, -242, -851, 243, -881, -244, 911, -245, -941, -246, -971, -247, -1001, -248, 1031, -249, -1061, 253, -282, -254, -312, -255, -342, -256, -372, -257, 402, -258, -432, -259, -462, -260, -492, 261, -522, -262, -552, -263, -582, -264, -612, -265, -642, -266, -672, 267, -702, -268, 732, -269, 762, -270, -792, -271, -822, -272, 852, -273, -882, -274, -912, -275, 942, -276, 972, -277, 1002, -278, -1032, -279, -1062, -284, -313, -285, -343, -286, -373, -287, 403, -288, -433, -289, -463, -290, -493, 291, -523, -292, -553, -293, -583, -294, -613, -295, -643, -296, -673, 297, -703, -298, 733, -299, 763, -300, -793, -301, -823, -302, 853, -303, -883, -304, -913, -305, 943, -306, 973, -307, 1003, -308, -1033, -309, -1063, -315, -344, -316, 374, -317, -404, -318, -434, -319, 464, -320, 494, -321, -524, -322, -554, -323, -584, -324, 614, -325, 644, 326, -674, -327, -704, -328, -734, -329, -764, -330, -794, -331, -824, -332, -854, -333, -884, -334, -914, -335, -944, -336, -974, -337, -1004, -338, -1034, 339, -1064, -346, -375, -347, -405, 348, -435, -349, -465, -350, -495, -351, -525, -352, 555, -353, 585, -354, -615, -355, -645, -356, -675, -357, -705, -358, -735, -359, -765, 360, -795, 361, -825, -362, -855, 363, -885, 364, -915, -365, -945, -366, -975, -367, -1005, 368, -1035, -369, -1065, -377, -406, -378, -436, -379, 466, -380, 496, -381, -526, -382, -556, -383, -586, -384, 616, -385, 646, 386, -676, -387, -706, -388, -736, -389, -766, -390, -796, -391, -826, -392, -856, -393, -886, -394, -916, -395, -946, -396, -976, -397, -1006, -398, -1036, 399, -1066, -408, -437, -409, -467, -410, -497, 411, -527, -412, -557, -413, -587, -414, -617, -415, -647, -416, -677, 417, -707, -418, 737, 419, -767, -420, -797, -421, -827, -422, 857, -423, -887, -424, -917, -425, 947, -426, 977, -427, 1007, -428, -1037, -429, -1067, -439, -468, -440, -498, -441, -528, -442, 558, -443, 588, -444, -618, -445, -648, -446, -678, -447, -708, -448, -738, -449, -768, 450, -798, 451, -828, -452, -858, 453, -888, 454, -918, -455, -948, -456, -978, -457, -1008, 458, -1038, -459, -1068, 470, -499, -471, -529, -472, -559, -473, -589, -474, 619, 475, -649, 476, -679, -477, -709, -478, -739, -479, -769, -480, -799, -481, -829, -482, -859, -483, -889, -484, -919, -485, -949, -486, -979, -487, -1009, -488, -1039, 489, -1069, -501, -530, -502, -560, -503, -590, -504, 620, 505, -650, 506, -680, -507, -710, -508, -740, -509, -770, -510, -800, -511, -830, -512, -860, -513, -890, -514, -920, -515, -950, -516, -980, -517, -1010, -518, -1040, 519, -1070, -532, -561, -533, -591, -534, -621, -535, -651, -536, -681, -537, 711, -538, 741, -539, 771, -540, -801, -541, -831, -542, 861, -543, -891, -544, -921, -545, 951, -546, 981, -547, 1011, -548, -1041, -549, -1071, 563, -592, -564, -622, -565, -652, -566, -682, -567, -712, -568, -742, -569, -772, 570, -802, 571, -832, -572, -862, 573, -892, 574, -922, -575, -952, -576, -982, -577, -1012, 578, -1042, -579, -1072, -594, -623, -595, -653, -596, -683, -597, -713, -598, -743, -599, -773, 600, -803, 601, -833, -602, -863, 603, -893, 604, -923, -605, -953, -606, -983, -607, -1013, 608, -1043, -609, -1073, 625, -654, 626, -684, -627, -714, -628, -744, -629, -774, -630, -804, -631, -834, -632, -864, -633, -894, -634, -924, -635, -954, -636, -984, -637, -1014, -638, -1044, 639, -1074, 656, -685, -657, -715, -658, -745, -659, -775, -660, -805, -661, -835, -662, -865, -663, -895, -664, -925, -665, -955, -666, -985, -667, -1015, -668, -1045, 669, -1075, -687, -716, -688, -746, -689, -776, -690, -806, -691, -836, -692, -866, -693, -896, -694, -926, -695, -956, -696, -986, -697, -1016, -698, -1046, 699, -1076, -718, 747, -719, 777, -720, -807, -721, -837, -722, 867, -723, -897, -724, -927, -725, 957, -726, 987, -727, 1017, -728, -1047, -729, -1077, 749, -778, -750, -808, -751, -838, -752, 868, -753, -898, -754, -928, -755, 958, -756, 988, 757, -1018, -758, -1048, -759, -1078, -780, -809, -781, -839, -782, 869, -783, -899, -784, -929, -785, 959, -786, 989, -787, 1019, -788, -1049, -789, -1079, 811, -840, -812, -870, 813, -900, 814, -930, -815, -960, -816, -990, -817, -1020, 818, -1050, -819, -1080, -842, -871, 843, -901, 844, -931, -845, -961, -846, -991, -847, -1021, 848, -1051, -849, -1081, -873, -902, -874, -932, -875, 962, -876, 992, 877, -1022, -878, -1052, -879, -1082, -904, 933, -905, -963, -906, -993, -907, -1023, -908, 1053, -909, -1083, -935, -964, -936, -994, -937, -1024, 938, -1054, -939, -1084, -966, 995, 967, -1025, -968, -1055, -969, -1085, 997, -1026, -998, -1056, -999, -1086, -1028, -1057, -1029, -1087, -1059, -1088, 1091, 1092, 1093, 1094, 1095, -1096, 1097, 1098, 1099, 1100, 1101, 1102, 1103, 1104, 1105, 1106, 1107, 1108, 1109, -1110, 1111, 1112, 1113, 1114, 1115, 1116, 1117, 1118, -1119, -1122, 1123, -1124, 1125, -1126, -1127, 1128, 1129, -1130, -1131, 1132, 1133, 1134, -1135, -1136, 1137, -1138, -1139, 1140, 1141, -1142, 1143, 1144, -1145, -1146, -1147, 1148, -1149, 1153, -1154, -1155, -1156, 1157, 1158, -1159, 1160, 1161, -1162, -1163, -1164, -1165, -1166, 1167, 1168, 1169, 1170, 1171, 1172, 1173, -1174, 1175, 1176, 1177, -1178, 1179, 1184, 1185, 1186, 1187, -1188, 1189, 1190, 1191, 1192, -1193, 1194, 1195, 1196, 1197, 1198, 1199, -1200, -1201, 1202, -1203, -1204, 1205, 1206, 1207, 1208, 1209, -1215, 1216, 1217, -1218, 1219, 1220, 1221, -1222, 1223, 1224, 1225, 1226, -1227, 1228, 1229, -1230, 1231, 1232, 1233, 1234, -1235, 1236, 1237, 1238, 1239, -1246, -1247, 1248, 1249, -1250, -1251, 1252, 1253, 1254, -1255, -1256, -1257, 1258, -1259, 1260, 1261, -1262, 1263, 1264, -1265, -1266, -1267, 1268, -1269, -1277, 1278, 1279, 1280, -1281, -1282, -1283, 1284, 1285, 1286, 1287, -1288, -1289, -1290, 1291, -1292, -1293, -1294, 1295, 1296, -1297, -1298, 1299, -1308, -1309, 1310, 1311, -1312, 1313, -1314, 1315, 1316, 1317, 1318, 1319, -1320, -1321, 1322, 1323, 1324, 1325, 1326, 1327, 1328, -1329, -1339, 1340, 1341, 1342, 1343, -1344, 1345, -1346, 1347, -1348, -1349, 1350, 1351, 1352, 1353, 1354, 1355, -1356, 1357, 1358, 1359, 1370, -1371, 1372, -1373, 1374, 1375, 1376, -1377, -1378, -1379, 1380, -1381, -1382, -1383, -1384, -1385, -1386, -1387, -1388, 1389, 1401, 1402, 1403, 1404, 1405, 1406, 1407, -1408, -1409, -1410, 1411, -1412, 1413, -1414, 1415, -1416, -1417, 1418, 1419, -1432, 1433, -1434, 1435, 1436, 1437, 1438, 1439, -1440, 1441, 1442, 1443, 1444, 1445, 1446, 1447, 1448, 1449, 1463, 1464, -1465, -1466, -1467, -1468, -1469, 1470, 1471, -1472, 1473, 1474, -1475, 1476, -1477, 1478, -1479, 1494, 1495, -1496, -1497, -1498, 1499, 1500, 1501, 1502, 1503, 1504, -1505, -1506, -1507, 1508, -1509, 1525, 1526, -1527, -1528, -1529, -1530, -1531, -1532, -1533, -1534, 1535, -1536, -1537, -1538, 1539, 1556, -1557, 1558, 1559, -1560, 1561, -1562, 1563, -1564, -1565, 1566, 1567, 1568, 1569, -1587, 1588, 1589, -1590, 1591, 1592, -1593, 1594, -1595, 1596, 1597, -1598, 1599, 1618, 1619, -1620, -1621, 1622, -1623, -1624, 1625, 1626, 1627, -1628, 1629, 1649, -1650, 1651, 1652, 1653, 1654, 1655, 1656, 1657, -1658, -1659, -1680, 1681, 1682, 1683, 1684, 1685, 1686, 1687, 1688, -1689, 1711, -1712, 1713, 1714, -1715, -1716, -1717, 1718, -1719, 1742, 1743, 1744, 1745, 1746, 1747, 1748, 1749, 1773, 1774, 1775, 1776, 1777, 1778, -1779, 1804, 1805, 1806, 1807, 1808, 1809, -1835, 1836, 1837, 1838, -1839, 1866, 1867, -1868, 1869, 1897, -1898, -1899, -1928, -1929, -1959]
calculated to True in 0.012009859085083008 seconds.

The TLP has the following configuration: 

  ----  13  ----  14  ----  6  ----  9  ----  21  ----  22  ----  25  ----  29  ----  2  ----  24  ---- 
  ----  15  ----  10  ----  11  ----  16  ----  7  ----  5  ----  17  ----  30  ---- 
  ----  27  ----  26  ----  23  ----  19  ----  28  ----  8  ----  20  ----  3  ----  1  ----  4  ----  18  ----  12  ---- 

------------------------
File: grafo1958.30.gml with 30 Nodes and 33.0 Edges
------------
30452 Clauses were created in 0.07705497741699219 seconds.
No Solution found for 1 Tracks in 8.988380432128906e-05 seconds.


32255 Clauses were created in 0.08506131172180176 seconds.
No Solution found for 2 Tracks in 0.001062631607055664 seconds.


34088 Clauses were created in 0.0699317455291748 seconds.
The Sat-Formula [-1, 2, -3, -4, 5, -6, 7, -8, -9, -10, 11, -12, -13, -14, 15, -16, 17, -18, -19, 20, -21, -22, 23, -24, -25, 26, -27, -28, 29, -30, 31, -32, -33, 34, -35, -36, 37, -38, -39, 40, -41, -42, 43, -44, -45, 46, -47, -48, 49, -50, -51, 52, -53, -54, -55, -56, 57, -58, -59, 60, 61, -62, -63, -64, -65, 66, -67, -68, 69, -70, 71, -72, -73, -74, 75, 76, -77, -78, -79, 80, -81, 82, -83, -84, -85, 86, -87, -88, -89, 90, -190, -221, -252, -283, -314, -345, -376, -407, -438, -469, -500, -531, -562, -593, -624, -655, -686, -717, -748, -779, -810, -841, -872, -903, -934, -965, -996, -1027, -1058, -1089, -191, 220, -192, -250, 193, -280, -194, -310, -195, 340, -196, 370, -197, 400, -198, 430, -199, 460, -200, -490, -201, -520, -202, -550, -203, -580, -204, -610, -205, -640, -206, -670, -207, -700, -208, -730, -209, -760, -210, -790, -211, -820, -212, -850, 213, -880, -214, -910, -215, -940, -216, 970, -217, -1000, 218, -1030, -219, -1060, -222, -251, 223, -281, -224, -311, -225, 341, -226, 371, -227, 401, -228, 431, -229, 461, -230, -491, -231, -521, -232, -551, -233, -581, -234, -611, -235, -641, -236, -671, -237, -701, -238, -731, -239, -761, -240, -791, -241, -821, -242, -851, 243, -881, -244, -911, -245, -941, 246, -971, -247, -1001, 248, -1031, -249, -1061, -253, -282, -254, -312, -255, -342, -256, -372, -257, -402, -258, -432, -259, -462, -260, 492, 261, -522, -262, 552, -263, 582, 264, -612, -265, 642, -266, 672, -267, 702, -268, -732, -269, -762, 270, -792, -271, -822, -272, -852, -273, -882, -274, -912, 275, -942, -276, -972, -277, 1002, -278, -1032, -279, -1062, -284, -313, -285, 343, -286, 373, -287, 403, -288, 433, -289, 463, -290, -493, -291, -523, -292, -553, -293, -583, -294, -613, -295, -643, -296, -673, -297, -703, -298, -733, -299, -763, -300, -793, -301, -823, -302, -853, -303, 883, -304, -913, -305, -943, -306, 973, -307, -1003, -308, 1033, -309, -1063, -315, -344, -316, -374, -317, -404, -318, -434, -319, -464, -320, -494, -321, -524, -322, -554, -323, -584, -324, -614, -325, -644, -326, -674, -327, -704, 328, -734, 329, -764, -330, -794, -331, 824, 332, -854, -333, -884, -334, 914, -335, -944, -336, -974, -337, -1004, -338, -1034, 339, -1064, 346, -375, 347, -405, 348, -435, -349, 465, -350, -495, -351, -525, -352, -555, -353, -585, -354, -615, -355, -645, -356, -675, -357, -705, -358, -735, -359, -765, -360, -795, -361, -825, -362, -855, 363, -885, -364, -915, -365, -945, 366, -975, -367, -1005, 368, -1035, -369, -1065, -377, 406, -378, 436, -379, 466, -380, -496, -381, -526, -382, -556, -383, -586, -384, -616, -385, -646, -386, -676, -387, -706, -388, -736, -389, -766, -390, -796, -391, -826, -392, -856, 393, -886, -394, -916, -395, -946, 396, -976, -397, -1006, 398, -1036, -399, -1066, -408, 437, -409, 467, -410, -497, -411, -527, -412, -557, -413, -587, -414, -617, -415, -647, -416, -677, -417, -707, -418, -737, -419, -767, -420, -797, -421, -827, -422, -857, 423, -887, -424, -917, -425, -947, 426, -977, -427, -1007, 428, -1037, -429, -1067, -439, 468, -440, -498, -441, -528, -442, -558, -443, -588, -444, -618, -445, -648, -446, -678, -447, -708, -448, -738, -449, -768, -450, -798, -451, -828, -452, -858, 453, -888, -454, -918, -455, -948, 456, -978, -457, -1008, 458, -1038, -459, -1068, -470, -499, -471, -529, -472, -559, -473, -589, -474, -619, -475, -649, -476, -679, -477, -709, -478, -739, -479, -769, -480, -799, -481, -829, -482, -859, 483, -889, -484, -919, -485, -949, 486, -979, -487, -1009, 488, -1039, -489, -1069, 501, -530, -502, 560, -503, 590, 504, -620, -505, 650, -506, 680, -507, 710, -508, -740, -509, -770, 510, -800, -511, -830, -512, -860, -513, -890, -514, -920, 515, -950, -516, -980, 517, -1010, -518, -1040, -519, -1070, -532, 561, -533, 591, 534, -621, -535, 651, -536, 681, -537, 711, -538, -741, -539, -771, -540, 801, -541, -831, -542, -861, -543, -891, -544, -921, 545, -951, -546, -981, -547, 1011, -548, -1041, -549, -1071, -563, 592, 564, -622, 565, -652, 566, -682, 567, -712, -568, -742, -569, -772, 570, -802, -571, -832, -572, -862, -573, -892, -574, -922, 575, -952, -576, -982, 577, -1012, -578, -1042, -579, -1072, 594, -623, 595, -653, 596, -683, 597, -713, -598, -743, -599, -773, 600, -803, -601, -833, -602, -863, -603, -893, -604, -923, 605, -953, -606, -983, 607, -1013, -608, -1043, -609, -1073, -625, 654, -626, 684, -627, 714, -628, -744, -629, -774, -630, 804, -631, -834, -632, -864, -633, -894, -634, -924, -635, 954, -636, -984, -637, 1014, -638, -1044, -639, -1074, -656, 685, 657, -715, -658, -745, -659, -775, 660, -805, -661, -835, -662, -865, -663, -895, -664, -925, 665, -955, -666, -985, 667, -1015, -668, -1045, -669, -1075, 687, -716, -688, -746, -689, -776, 690, -806, -691, -836, -692, -866, -693, -896, -694, -926, 695, -956, -696, -986, 697, -1016, -698, -1046, -699, -1076, -718, -747, -719, -777, 720, -807, -721, -837, -722, -867, -723, -897, -724, -927, 725, -957, -726, -987, 727, -1017, -728, -1047, -729, -1077, -749, 778, -750, -808, -751, 838, -752, 868, -753, -898, -754, 928, -755, -958, -756, -988, -757, -1018, -758, -1048, 759, -1078, -780, -809, -781, 839, 782, -869, -783, -899, -784, 929, -785, -959, -786, -989, -787, -1019, -788, -1049, 789, -1079, -811, -840, -812, -870, -813, -900, -814, -930, 815, -960, -816, -990, -817, 1020, -818, -1050, -819, -1080, 842, -871, -843, -901, 844, -931, -845, -961, -846, -991, -847, -1021, -848, -1051, 849, -1081, -873, -902, -874, 932, -875, -962, -876, -992, -877, -1022, -878, -1052, 879, -1082, -904, -933, -905, -963, -906, 993, -907, -1023, 908, -1053, -909, -1083, -935, -964, -936, -994, -937, -1024, -938, -1054, 939, -1084, -966, -995, -967, 1025, -968, -1055, -969, -1085, -997, -1026, 998, -1056, -999, -1086, -1028, -1057, -1029, -1087, -1059, -1088, 1091, 1092, 1093, -1094, 1095, 1096, 1097, 1098, 1099, -1100, 1101, -1102, -1103, 1104, -1105, -1106, -1107, -1108, -1109, -1110, -1111, -1112, 1113, -1114, -1115, 1116, -1117, 1118, -1119, -1122, 1123, -1124, 1125, 1126, 1127, 1128, 1129, 1130, -1131, -1132, -1133, -1134, -1135, 1136, -1137, -1138, -1139, -1140, 1141, -1142, 1143, -1144, -1145, 1146, -1147, 1148, -1149, 1153, -1154, -1155, -1156, -1157, -1158, -1159, 1160, 1161, 1162, 1163, 1164, 1165, 1166, 1167, -1168, -1169, 1170, -1171, -1172, -1173, -1174, 1175, 1176, 1177, 1178, -1179, -1184, 1185, 1186, 1187, 1188, 1189, -1190, -1191, -1192, -1193, -1194, -1195, -1196, -1197, -1198, -1199, 1200, -1201, -1202, 1203, -1204, 1205, 1206, 1207, 1208, -1209, -1215, -1216, -1217, -1218, -1219, -1220, -1221, -1222, -1223, -1224, -1225, -1226, -1227, 1228, 1229, -1230, 1231, 1232, -1233, 1234, -1235, -1236, -1237, -1238, 1239, 1246, 1247, 1248, 1249, -1250, -1251, -1252, -1253, -1254, -1255, -1256, -1257, -1258, -1259, -1260, -1261, -1262, 1263, -1264, -1265, 1266, -1267, 1268, -1269, 1277, 1278, 1279, -1280, -1281, -1282, -1283, -1284, -1285, -1286, 1287, -1288, -1289, -1290, -1291, -1292, 1293, -1294, -1295, 1296, -1297, 1298, -1299, 1308, 1309, -1310, -1311, -1312, -1313, -1314, 1315, -1316, 1317, -1318, -1319, -1320, -1321, -1322, 1323, -1324, -1325, 1326, -1327, 1328, -1329, 1339, -1340, -1341, -1342, -1343, -1344, -1345, 1346, -1347, -1348, -1349, -1350, -1351, -1352, 1353, -1354, -1355, 1356, -1357, 1358, -1359, -1370, -1371, -1372, 1373, -1374, -1375, 1376, -1377, -1378, -1379, -1380, 1381, -1382, 1383, -1384, -1385, 1386, -1387, 1388, -1389, 1401, 1402, 1403, 1404, 1405, 1406, 1407, -1408, -1409, 1410, -1411, -1412, -1413, -1414, 1415, -1416, 1417, -1418, -1419, 1432, 1433, 1434, 1435, 1436, 1437, -1438, -1439, 1440, -1441, -1442, 1443, -1444, 1445, 1446, 1447, 1448, -1449, 1463, 1464, 1465, 1466, 1467, -1468, -1469, 1470, -1471, -1472, -1473, -1474, 1475, -1476, 1477, -1478, -1479, 1494, 1495, 1496, 1497, -1498, -1499, 1500, -1501, -1502, -1503, -1504, 1505, -1506, 1507, -1508, -1509, 1525, 1526, 1527, -1528, -1529, 1530, -1531, -1532, 1533, -1534, 1535, 1536, 1537, 1538, -1539, 1556, 1557, -1558, -1559, 1560, -1561, -1562, -1563, -1564, 1565, -1566, 1567, -1568, -1569, 1587, -1588, -1589, 1590, 1591, -1592, -1593, -1594, 1595, 1596, 1597, 1598, -1599, -1618, -1619, 1620, -1621, -1622, -1623, -1624, 1625, -1626, 1627, -1628, -1629, 1649, -1650, 1651, 1652, -1653, 1654, -1655, -1656, -1657, -1658, 1659, -1680, 1681, 1682, -1683, 1684, -1685, 1686, -1687, -1688, 1689, -1711, -1712, 1713, -1714, 1715, -1716, 1717, 1718, 1719, 1742, -1743, 1744, -1745, 1746, 1747, 1748, 1749, -1773, 1774, -1775, -1776, -1777, -1778, 1779, -1804, 1805, 1806, 1807, 1808, -1809, -1835, -1836, -1837, 1838, 1839, 1866, 1867, -1868, -1869, -1897, 1898, -1899, -1928, -1929, -1959]
calculated to True in 0.004364967346191406 seconds.

The TLP has the following configuration: 

  ----  14  ----  13  ----  17  ----  16  ----  18  ----  11  ----  28  ----  3  ----  21  ----  12  ----  26  ----  15  ---- 
  ----  10  ----  6  ----  9  ----  8  ----  7  ----  2  ----  27  ----  1  ----  24  ----  29  ----  4  ---- 
  ----  22  ----  25  ----  5  ----  20  ----  23  ----  19  ----  30  ---- 

------------------------
